,RKNE_x,RKNE_y,RANK_x,RANK_y,RD3M_x,RD3M_y,RD1M_x,RD1M_y,RHLX_x,RHLX_y
0,935.6925659179688,405.4057922363281,909.543701171875,605.0813598632812,875.3277587890625,646.2614135742188,912.373046875,644.1781616210938,902.9585571289062,664.3091430664062
1,935.7353515625,405.4057922363281,909.5941162109376,605.2294311523438,875.7604370117188,646.6051635742188,912.373046875,644.641357421875,903.2208251953124,664.6361083984375
2,935.9714965820312,405.4214172363281,909.5941162109376,605.2930297851562,877.280517578125,647.1363525390625,912.5885620117188,644.8666381835938,903.2894287109376,664.9646606445312
3,935.9917602539062,405.4214172363281,909.543701171875,606.6721801757812,877.280517578125,647.67724609375,912.5885620117188,646.4873657226562,903.2894287109376,666.4253540039062
4,935.9917602539062,405.4214172363281,908.196533203125,610.03125,878.8555908203125,651.2210083007812,912.812744140625,650.4439697265625,908.1641845703124,670.1024780273438
5,935.9917602539062,405.8493957519531,907.6917114257812,611.9581909179688,879.9967651367188,659.265625,916.033935546875,656.8027954101562,912.6951904296876,676.4484252929688
6,936.0009765625,406.3273010253906,906.6843872070312,614.3154296875,885.3143310546875,664.2955932617188,919.89453125,663.5311279296875,916.2178955078124,683.6318359375
7,936.0592651367188,407.1017150878906,906.5784301757812,617.0498046875,888.8671264648438,671.1851806640625,924.8067016601562,670.369873046875,922.4273681640624,690.8935546875
8,936.0748901367188,407.1123046875,906.239013671875,620.1585693359375,892.2328491210938,680.6572265625,928.0259399414062,675.2642822265625,925.1056518554688,696.502685546875
9,936.134521484375,408.51220703125,906.239013671875,622.494140625,896.6904296875,685.41064453125,930.3809204101562,678.908935546875,929.0775146484376,700.9441528320312
10,936.6895141601562,408.51220703125,906.5784301757812,623.7532958984375,901.5004272460938,688.0901489257812,933.2294921875,679.863525390625,932.968505859375,703.6444702148438
11,936.9437255859376,408.51220703125,907.232177734375,625.1723022460938,905.54638671875,693.0314331054688,938.329345703125,682.6904296875,939.9381103515624,705.220947265625
12,937.3715209960938,407.3298950195313,908.975341796875,627.4865112304688,913.3136596679688,697.9442138671875,943.26904296875,683.592529296875,947.2744140625,709.7189331054688
13,938.1257934570312,407.3298950195313,910.159423828125,630.36181640625,920.2535400390624,702.3805541992188,947.80810546875,687.0446166992188,953.4024658203124,712.6102905273438
14,938.2913208007812,406.9585876464844,911.4204711914062,633.1544189453125,926.196533203125,708.462646484375,953.0084228515624,690.7953491210938,960.4437255859376,719.3576049804688
15,938.8876342773438,406.9749450683594,912.85546875,635.8516845703125,930.5631103515624,714.6675415039062,956.8225708007812,696.9223022460938,965.93212890625,725.780517578125
16,939.5601806640624,406.8623046875,914.8229370117188,640.8446655273438,935.4483642578124,722.8356323242188,959.541748046875,703.250732421875,969.96142578125,733.7462768554688
17,939.6056518554688,406.8623046875,916.1151733398438,644.9473266601562,940.6891479492188,729.4348754882812,964.2232666015624,710.1275024414062,973.9658813476562,740.9148559570312
18,939.6056518554688,406.62738037109375,916.1151733398438,649.8048095703125,945.4544677734376,737.9227294921875,968.0082397460938,716.0567626953125,978.0416259765624,746.6136474609375
19,939.5601806640624,406.4280395507813,916.1151733398438,650.7200317382812,946.5445556640624,739.3369750976562,968.5718994140624,716.6314697265625,979.54638671875,747.7927856445312
20,939.5084838867188,405.2340087890625,916.1151733398438,651.2974853515625,946.7335815429688,739.3369750976562,968.5735473632812,716.8511352539062,979.9119262695312,747.7927856445312
21,938.7611694335938,402.9441528320313,916.1151733398438,651.403076171875,946.8056640625,739.3369750976562,968.8280639648438,717.0211181640625,980.018798828125,749.132568359375
22,938.7611694335938,401.5437316894531,917.2183837890624,651.403076171875,948.2841796875,739.3369750976562,970.6932373046876,717.0211181640625,981.2320556640624,749.132568359375
23,938.7522583007812,401.3514709472656,919.3223266601562,653.749267578125,949.8294067382812,739.2697143554688,972.4197998046876,717.0211181640625,983.0304565429688,749.132568359375
24,938.7611694335938,401.23138427734375,920.1263427734376,653.9052124023438,950.6913452148438,738.9840087890625,973.3241577148438,717.0211181640625,985.1307373046876,749.132568359375
25,939.1063232421876,400.3948974609375,920.5919799804688,653.9165649414062,950.9478759765624,738.9840087890625,973.8926391601562,717.0211181640625,985.4061279296876,749.132568359375
26,939.5804443359376,399.1860656738281,921.0762939453124,654.1842651367188,951.0330200195312,737.8623657226562,974.038330078125,716.52783203125,985.4061279296876,746.782958984375
27,939.6244506835938,398.9493103027344,921.9970703125,655.07275390625,952.4257202148438,736.8533325195312,975.0843505859376,715.8862915039062,985.203857421875,745.84326171875
28,939.6690673828124,398.9493103027344,923.6271362304688,655.7739868164062,952.4257202148438,735.4675903320312,975.0843505859376,714.5256958007812,985.1307373046876,743.1654052734375
29,940.2042846679688,398.9493103027344,926.5900268554688,657.96630859375,952.4257202148438,733.4655151367188,975.0843505859376,711.8970947265625,984.4945068359376,739.4676513671875
30,940.2042846679688,399.5061950683594,926.9090576171876,659.2418823242188,948.3882446289062,731.7125854492188,969.8136596679688,711.4027709960938,975.372314453125,734.342529296875
31,940.0567626953124,401.3081665039063,926.9090576171876,659.2418823242188,932.2825927734376,730.8173828125,959.2229614257812,710.528564453125,955.1399536132812,724.4284057617188
32,940.0567626953124,401.3081665039063,926.9090576171876,659.2418823242188,915.3607177734376,721.9754638671875,945.732666015625,709.6332397460938,941.7066650390624,718.4679565429688
33,938.9545288085938,401.3081665039063,922.1674194335938,657.5487060546875,899.513671875,711.116455078125,930.8211059570312,705.4652099609375,926.0933837890624,712.066650390625
34,936.7260131835938,399.7154541015625,917.764404296875,653.8741455078125,890.7963256835938,701.5752563476562,923.1096801757812,696.7513427734375,913.8670654296876,699.6621704101562
35,936.42724609375,398.9682922363281,917.764404296875,651.896484375,887.5120239257812,693.0397338867188,,,907.6630859375,687.4379272460938
36,934.8001708984376,398.6805725097656,917.764404296875,649.9534912109375,887.5120239257812,681.9530029296875,917.7847290039062,676.946533203125,907.6630859375,678.9500122070312
37,933.2598876953124,398.6805725097656,923.60986328125,649.9534912109375,,,917.7847290039062,674.2225341796875,907.6630859375,675.6065063476562
38,933.1903686523438,398.3487548828125,931.6240234375,649.5338745117188,,,,,915.1826782226562,671.8773803710938
39,933.1903686523438,398.0454711914063,941.934326171875,649.5338745117188,,,935.6055297851562,670.3213500976562,926.568603515625,670.4088745117188
40,932.6627197265624,398.001953125,950.12060546875,646.5770263671875,,,,,937.98486328125,666.9273071289062
41,932.2188720703124,395.9660034179688,950.12060546875,645.29052734375,,,,,943.118408203125,666.7481079101562
42,932.0064086914062,395.9660034179688,950.12060546875,645.29052734375,,,,,943.118408203125,666.7481079101562
43,930.2948608398438,395.9660034179688,949.3610229492188,645.29052734375,,,,,943.118408203125,666.7481079101562
44,930.2948608398438,396.7929992675781,943.9415283203124,650.5465698242188,,,,,936.0682983398438,676.1272583007812
45,930.2948608398438,398.7848205566406,938.7299194335938,653.7299194335938,906.3762817382812,694.2242431640625,,,930.6630859375,689.8048706054688
46,930.677490234375,398.7848205566406,938.7299194335938,653.7299194335938,906.3762817382812,700.2009887695312,938.4080200195312,698.6062622070312,929.958251953125,705.0441284179688
47,931.3694458007812,398.7848205566406,938.7299194335938,653.7299194335938,906.3762817382812,703.622314453125,938.4080200195312,704.7295532226562,929.958251953125,713.615478515625
48,933.4430541992188,397.5367126464844,939.2816162109376,652.7988891601562,906.4031982421876,705.106689453125,938.4080200195312,705.149658203125,929.958251953125,717.0516967773438
49,934.3550415039062,396.7615051269531,939.2816162109376,650.5380859375,906.4031982421876,707.1609497070312,938.4080200195312,707.828369140625,929.958251953125,723.0642700195312
50,934.414794921875,396.7615051269531,939.2816162109376,650.5380859375,906.4031982421876,709.3905639648438,938.4080200195312,709.7660522460938,929.958251953125,726.4362182617188
51,934.4520263671876,396.7615051269531,938.4136352539062,650.5380859375,904.7899169921876,711.5154418945312,936.9742431640624,712.0394287109375,927.3297119140624,731.1984252929688
52,934.4520263671876,397.2337341308594,935.779052734375,651.806396484375,903.1442260742188,713.8474731445312,933.7794189453124,716.1705932617188,922.2703857421876,737.052734375
53,934.4520263671876,398.3702087402344,933.843017578125,653.1278686523438,900.8284301757812,718.3421630859375,931.0572509765624,722.9078979492188,919.1712646484376,743.2166748046875
54,933.5370483398438,399.2304382324219,933.7093505859376,655.8511352539062,900.8284301757812,723.1676635742188,929.1218872070312,728.2885131835938,917.35205078125,749.0764770507812
55,933.462890625,399.5315551757813,933.7093505859376,656.7029418945312,900.8284301757812,723.7683715820312,929.1218872070312,728.7314453125,917.35205078125,751.9564819335938
56,932.73486328125,399.5315551757813,933.7093505859376,656.7029418945312,901.6155395507812,723.7683715820312,929.1218872070312,728.7314453125,917.35205078125,751.9564819335938
57,932.2459106445312,399.5315551757813,935.2135620117188,656.7029418945312,902.5879516601562,723.7683715820312,931.166748046875,728.7314453125,918.5593872070312,751.9564819335938
58,931.5936279296876,399.0130615234375,936.9392700195312,656.7029418945312,903.2409057617188,722.16015625,933.6701049804688,727.6943359375,920.1322631835938,750.3386840820312
59,931.2395629882812,399.0130615234375,938.9044799804688,656.7645263671875,903.2409057617188,720.8311157226562,934.8818359375,726.0955810546875,922.37548828125,747.8071899414062
60,930.7803344726562,399.0130615234375,940.3049926757812,657.2056274414062,903.2409057617188,718.8133544921875,934.8818359375,724.5221557617188,922.9322509765624,746.5911865234375
61,930.71435546875,399.66888427734375,940.3049926757812,657.2056274414062,901.760498046875,716.3987426757812,934.8818359375,723.4935913085938,922.9322509765624,745.6964111328125
62,930.6320190429688,399.66888427734375,940.3049926757812,657.2056274414062,900.5946044921875,712.68310546875,934.6369018554688,720.9393310546875,922.9322509765624,743.5404663085938
63,930.4159545898438,399.66888427734375,938.26513671875,656.9420776367188,897.8712768554688,705.9403076171875,931.7431640625,715.3196411132812,919.98779296875,738.6659545898438
64,930.1458740234376,398.81201171875,936.2051391601562,653.534912109375,896.235595703125,700.5526733398438,928.9522705078124,709.9901733398438,917.2198486328124,730.8497314453125
65,930.0043334960938,398.5438537597656,936.1276245117188,650.2918701171875,896.0910034179688,694.4760131835938,927.2978515625,703.6961059570312,917.2198486328124,725.7574462890625
66,930.0043334960938,398.5438537597656,936.1276245117188,648.8184204101562,896.0910034179688,691.9619140625,927.2611694335938,701.2532958984375,917.2198486328124,723.2889404296875
67,930.0043334960938,398.5438537597656,936.1276245117188,647.704345703125,896.235595703125,691.5020751953125,927.2611694335938,701.0703735351562,917.5416259765624,722.8319702148438
68,930.2186889648438,399.0173645019531,936.9837036132812,647.2490234375,897.495849609375,689.8722534179688,927.2978515625,700.429931640625,918.4503173828124,721.697265625
69,930.2427368164062,399.05902099609375,937.6571655273438,646.2461547851562,897.901611328125,689.8722534179688,927.5778198242188,700.429931640625,919.58642578125,721.697265625
70,930.2517700195312,399.14984130859375,937.9617919921876,646.2461547851562,898.912109375,689.8722534179688,928.17431640625,700.429931640625,920.1617431640624,721.697265625
71,930.2803344726562,399.1774597167969,938.0075073242188,646.2461547851562,898.912109375,690.4658203125,928.3816528320312,700.7394409179688,920.3576049804688,721.7169799804688
72,930.3677368164062,399.216064453125,938.0457153320312,646.53173828125,898.4403686523438,693.5234985351562,928.6802978515624,704.0623779296875,920.3576049804688,725.074462890625
73,931.0299072265624,399.9479675292969,938.0821533203124,648.0569458007812,898.4403686523438,698.0302734375,930.2208251953124,708.219970703125,920.2151489257812,728.4617919921875
74,931.1581420898438,400.1905822753906,938.2817993164062,650.261474609375,898.4403686523438,703.0167846679688,930.8870849609376,714.0162963867188,920.2151489257812,733.5438232421875
75,931.1581420898438,400.6044006347656,938.2817993164062,651.659423828125,898.258056640625,706.4883422851562,931.6040649414062,717.2186279296875,919.7086791992188,738.37158203125
76,931.1581420898438,401.2332763671875,938.0457153320312,653.7638549804688,898.2573852539062,711.8889770507812,931.6040649414062,718.6068725585938,919.6859130859376,739.0585327148438
77,931.020263671875,401.3690490722656,937.7413940429688,654.7474365234375,898.2573852539062,711.8889770507812,931.6040649414062,718.6068725585938,919.0306396484376,739.0585327148438
78,930.5189819335938,401.65728759765625,937.241455078125,654.7474365234375,898.2434692382812,711.8889770507812,930.5659790039062,718.6068725585938,917.9873657226562,739.0585327148438
79,930.39208984375,401.7017822265625,936.8257446289062,654.7474365234375,897.62548828125,711.1965942382812,929.4212646484376,715.9359130859375,917.3267822265624,736.0694580078125
80,930.1348876953124,401.74365234375,936.767822265625,654.2509765625,897.1744384765625,709.7589111328125,928.4661865234376,713.5357666015625,916.7432250976562,732.3528442382812
81,930.0805053710938,401.9669494628906,936.75244140625,654.2509765625,897.013916015625,709.26025390625,928.2721557617188,712.4118041992188,916.6641845703124,729.4852294921875
82,930.0257568359376,402.21087646484375,936.751220703125,654.2503051757812,896.9467163085938,709.0908813476562,928.238037109375,712.2672119140625,915.99365234375,728.1768798828125
83,929.8869018554688,402.6100769042969,936.6058959960938,654.061279296875,896.4613647460938,708.826416015625,928.191650390625,712.2041015625,915.4910278320312,728.1436767578125
84,929.6798706054688,403.0874328613281,935.541015625,653.9829711914062,896.0010375976562,707.8771362304688,926.3628540039062,711.8409423828125,914.659423828125,727.5293579101562
85,929.4334106445312,403.0874328613281,934.1058349609376,653.8169555664062,895.2395629882812,705.9564819335938,925.1434936523438,711.22265625,913.585693359375,727.1585083007812
86,929.3900756835938,403.0874328613281,932.4159545898438,652.899658203125,893.2060546875,704.4724731445312,923.055908203125,710.28857421875,912.6802368164062,726.3643798828125
87,929.3261108398438,403.01898193359375,931.68017578125,652.83154296875,892.935302734375,704.4724731445312,922.3475952148438,710.28857421875,911.5792846679688,726.3643798828125
88,929.14208984375,403.01898193359375,931.68017578125,652.83154296875,892.935302734375,704.4724731445312,922.3475952148438,710.28857421875,911.5792846679688,726.3643798828125
89,929.0194702148438,403.01898193359375,931.68017578125,652.83154296875,892.935302734375,704.635498046875,922.3475952148438,711.1597290039062,911.5792846679688,727.067138671875
90,928.47216796875,403.2288208007813,932.5018920898438,655.2872314453125,893.4347534179688,709.0678100585938,924.1881713867188,713.4727172851562,912.0738525390624,730.994384765625
91,928.2887573242188,403.5865173339844,933.0037231445312,658.2836303710938,893.9730834960938,715.2146606445312,924.4502563476562,719.7279663085938,912.2567749023438,737.7295532226562
92,927.9440307617188,403.61224365234375,933.6280517578124,661.7055053710938,894.07861328125,723.6142578125,925.4560546875,728.1006469726562,912.5367431640624,745.96435546875
93,927.7802124023438,403.61224365234375,935.2239990234376,665.3880615234375,894.485595703125,728.85302734375,927.2315063476562,732.4454345703125,912.7142944335938,752.68701171875
94,927.7559204101562,403.5865173339844,935.9200439453124,665.8865966796875,894.5355834960938,728.85302734375,927.3826293945312,732.4454345703125,912.7142944335938,752.68701171875
95,927.7559204101562,403.0257263183594,936.2359008789062,666.83935546875,894.600341796875,728.85302734375,927.78759765625,732.4454345703125,913.0111694335938,753.1188354492188
96,927.7802124023438,402.1280212402344,936.44287109375,667.34814453125,894.600341796875,725.5928955078125,928.6605834960938,732.4454345703125,914.0946655273438,753.114990234375
97,927.7559204101562,401.7603454589844,936.44287109375,667.34814453125,894.5355834960938,725.0120239257812,928.6605834960938,732.4454345703125,915.6578369140624,752.8760375976562
98,927.5958251953124,401.6990051269531,936.44287109375,668.1446533203125,894.767822265625,724.8110961914062,928.773681640625,732.3283081054688,916.7051391601562,752.8760375976562
99,927.5958251953124,401.4323120117188,936.269775390625,668.3176879882812,895.119873046875,723.7138061523438,928.773681640625,732.3283081054688,916.7301025390624,752.8760375976562
100,926.2047119140624,400.8095703125,936.10400390625,669.3262939453125,894.49853515625,721.1402587890625,928.7136840820312,731.0325927734375,917.1728515625,751.85302734375
101,926.1167602539062,399.9467468261719,935.7721557617188,669.3262939453125,894.49853515625,719.4639282226562,928.7136840820312,728.602294921875,917.3546142578124,748.8604125976562
102,925.5718994140624,399.9244079589844,934.3648071289062,669.3262939453125,894.6387939453125,719.19140625,928.8099975585938,727.324951171875,917.5140991210938,747.7620239257812
103,925.4641723632812,399.9228210449219,934.3648071289062,670.01806640625,894.5643920898438,719.19140625,928.8099975585938,727.324951171875,917.689453125,746.5656127929688
104,925.4641723632812,399.9244079589844,934.3648071289062,670.0792846679688,894.5643920898438,719.19140625,928.8634643554688,727.324951171875,917.689453125,746.5656127929688
105,925.4641723632812,399.9467468261719,934.7029418945312,671.7515258789062,894.6387939453125,720.2630004882812,929.3524780273438,727.5325927734375,918.4805908203124,745.43359375
106,925.7255859375,400.5421447753906,935.1573486328124,675.0230102539062,895.4536743164062,721.7354125976562,929.5009765625,728.3380737304688,918.4917602539062,745.1473388671875
107,925.7943115234376,401.7954711914063,936.1705322265624,676.764892578125,896.6860961914062,721.7354125976562,929.5009765625,728.3380737304688,918.5211181640624,745.1246337890625
108,925.7943115234376,402.8530578613281,937.8529052734376,677.0716552734375,898.9290771484375,721.7354125976562,929.4599609375,728.3380737304688,918.5891723632812,742.467529296875
109,925.8223876953124,403.6886596679688,938.2154541015624,677.7001342773438,900.8418579101562,721.3032836914062,929.7214965820312,728.0830078125,919.1620483398438,739.2280883789062
110,925.8531494140624,404.3070373535156,938.3641967773438,678.3907470703125,901.2176513671876,721.3032836914062,929.9501953125,727.6553955078125,919.1620483398438,738.347900390625
111,925.958740234375,404.3070373535156,938.56640625,679.2676391601562,902.5304565429688,721.068359375,929.9501953125,727.4094848632812,919.3523559570312,738.0170288085938
112,926.0856323242188,404.3070373535156,939.0230712890624,680.1795654296875,903.80078125,720.94140625,930.4270629882812,727.3764038085938,920.22412109375,737.6981201171875
113,926.0856323242188,404.3351440429688,939.2074584960938,680.4725952148438,903.8302612304688,720.94140625,930.616455078125,727.3684692382812,920.3651733398438,736.827392578125
114,926.0856323242188,404.3351440429688,939.3677978515624,680.4725952148438,903.98486328125,720.7158203125,931.1083984375,727.2553100585938,920.7626953125,736.0811157226562
115,925.9357299804688,404.2998352050781,939.6259155273438,680.4725952148438,904.0449829101562,720.3695678710938,931.469482421875,727.0693359375,920.8838500976562,736.0313720703125
116,925.9357299804688,404.3030395507813,940.1340942382812,680.1763916015625,905.1510009765624,720.3198852539062,932.3595581054688,727.0693359375,922.3184204101562,735.9304809570312
117,925.9357299804688,404.3030395507813,940.1553344726562,680.1055908203125,905.27978515625,719.8540649414062,932.456787109375,726.2606811523438,922.3621826171876,735.22998046875
118,926.3154296875,404.2998352050781,940.1558227539062,680.0115966796875,905.425048828125,719.651123046875,932.5394897460938,725.58251953125,922.6011962890624,735.162353515625
119,926.869140625,404.03118896484375,940.1558227539062,680.0115966796875,905.43115234375,719.651123046875,932.6925048828124,725.58251953125,922.6156005859376,735.162353515625
120,927.13330078125,404.0299072265625,940.1558227539062,680.0115966796875,905.425048828125,719.651123046875,932.852294921875,725.58251953125,922.79638671875,735.22998046875
121,927.13330078125,403.4689331054688,939.316162109375,680.0072021484375,905.425048828125,719.90478515625,933.0414428710938,725.5969848632812,923.4411010742188,735.3136596679688
122,927.3651123046876,403.2339172363281,939.0143432617188,679.7640991210938,905.425048828125,720.0578002929688,933.0707397460938,725.7105712890625,923.694091796875,735.3136596679688
123,927.13330078125,403.16259765625,938.7391967773438,679.4328002929688,905.3143920898438,720.0780029296875,933.1146240234376,725.7105712890625,923.7074584960938,735.3448486328125
124,927.0927734375,402.0016784667969,938.09765625,679.1326904296875,905.2230224609376,720.126220703125,933.1228637695312,725.7105712890625,923.8126220703124,735.3345336914062
125,926.986572265625,401.0820007324219,937.5989379882812,678.5833129882812,905.179931640625,720.1574096679688,933.19775390625,725.47705078125,924.0513916015624,735.3448486328125
126,926.6962890625,400.4227600097656,937.0648193359376,677.6715087890625,905.0523681640624,720.1574096679688,933.2275390625,725.47705078125,924.2872314453124,735.3448486328125
127,926.0944213867188,399.5625915527344,936.1873168945312,677.253173828125,905.0179443359376,720.3961181640625,933.3706665039062,725.47705078125,924.6257934570312,735.603759765625
128,925.8733520507812,398.69622802734375,935.4458618164062,676.4677124023438,905.0179443359376,720.4457397460938,933.7434692382812,725.4580688476562,925.173095703125,735.6577758789062
129,924.9774780273438,397.4059143066406,934.8654174804688,675.506591796875,905.0179443359376,720.4457397460938,933.7947387695312,725.3905639648438,925.173095703125,735.6577758789062
130,924.3334350585938,396.7076721191406,934.8407592773438,673.8546142578125,905.28857421875,720.4457397460938,933.9443359375,725.2695922851562,925.173095703125,735.6577758789062
131,923.6835327148438,396.6813049316406,934.8407592773438,673.4381103515625,905.2960815429688,720.4107055664062,934.018798828125,725.2695922851562,925.1868286132812,735.4617919921875
132,923.4706420898438,396.4122314453125,934.8407592773438,673.3605346679688,905.5797729492188,720.4107055664062,934.2174682617188,725.2695922851562,925.1868286132812,735.4617919921875
133,923.4481811523438,396.207763671875,935.0462646484376,672.9285278320312,906.2538452148438,720.4107055664062,935.0709228515624,725.326416015625,925.9318237304688,735.4617919921875
134,923.3580322265624,395.60009765625,935.1624755859376,672.8914794921875,906.9193725585938,720.88818359375,936.4440307617188,725.3349609375,926.514892578125,735.7464599609375
135,923.1954956054688,394.856201171875,935.4685668945312,671.6768798828125,908.1565551757812,720.88818359375,937.6873168945312,725.3349609375,927.7405395507812,735.7464599609375
136,922.2630615234376,394.1734924316406,935.4685668945312,671.2916870117188,908.597412109375,720.88818359375,937.8818969726562,725.3349609375,927.82470703125,735.8435668945312
137,921.7687377929688,394.0343322753906,935.4685668945312,670.0338134765625,908.6621704101562,719.9384155273438,938.3541259765624,724.630859375,928.8958129882812,735.8435668945312
138,920.82568359375,393.7214660644531,935.419189453125,669.140625,908.6621704101562,718.2674560546875,938.7604370117188,723.8942260742188,929.4466552734376,735.6115112304688
139,920.3165283203124,392.97943115234375,935.34912109375,668.1287231445312,908.7086181640624,717.140380859375,938.9487915039062,722.7186279296875,930.7247924804688,735.3637084960938
140,920.0521240234376,392.40325927734375,935.34912109375,667.3196411132812,908.7086181640624,715.893798828125,939.0308227539062,721.9271240234375,931.1961669921876,734.537353515625
141,919.9888305664062,391.6220397949219,935.34912109375,666.4762573242188,908.916748046875,714.8990478515625,939.7837524414062,721.0264892578125,932.2348022460938,734.101318359375
142,919.9583740234376,390.33203125,935.517822265625,665.6630249023438,909.9325561523438,714.0420532226562,941.05029296875,720.2413330078125,933.3202514648438,734.1011352539062
143,919.676513671875,388.9075317382813,935.8308715820312,664.5610961914062,911.2144775390624,713.7763671875,942.6708374023438,719.9172973632812,935.363037109375,734.0994262695312
144,919.341552734375,388.2200012207031,935.9217529296876,663.4325561523438,912.823486328125,712.280517578125,943.8500366210938,719.0879516601562,936.4099731445312,734.0994262695312
145,918.6427001953124,386.6599731445313,936.2067260742188,662.1990966796875,913.1806640625,712.2490234375,943.8875122070312,718.94921875,938.3522338867188,734.1004638671875
146,917.9647216796876,385.836181640625,936.2188720703124,661.2449951171875,913.6688232421876,712.1935424804688,944.5521240234376,718.94921875,939.167236328125,734.1004638671875
147,917.79052734375,385.2017822265625,936.2684326171876,660.0440673828125,913.6688232421876,712.1935424804688,944.9705200195312,719.0879516601562,939.5476684570312,734.2425537109375
148,917.734130859375,385.03759765625,936.3045043945312,659.705322265625,913.6688232421876,712.2490234375,945.2841796875,719.2481689453125,939.8184204101562,734.3096313476562
149,917.734130859375,385.03759765625,936.3045043945312,659.705322265625,913.595703125,712.8561401367188,945.301513671875,719.8644409179688,940.220458984375,735.121826171875
150,917.755615234375,385.03759765625,936.3071899414062,659.705322265625,913.595703125,714.2138061523438,945.8882446289062,720.9985961914062,940.7806396484376,736.5191650390625
151,917.79052734375,385.03759765625,936.3045043945312,659.8314208984375,913.5956420898438,715.878662109375,945.9940185546876,722.1161499023438,940.7806396484376,738.235595703125
152,918.0230712890624,385.1278991699219,936.2957153320312,660.3568725585938,913.5956420898438,719.6932373046875,945.9940185546876,724.4082641601562,940.7806396484376,739.8798828125
153,918.1439208984376,385.1278991699219,936.2748413085938,660.3568725585938,913.2291259765624,720.6427612304688,945.9940185546876,724.4082641601562,940.7355346679688,739.8798828125
154,918.1928100585938,385.0004577636719,936.1965942382812,660.3568725585938,912.9920043945312,720.6427612304688,945.2643432617188,724.4082641601562,940.1834716796876,739.8798828125
155,918.483642578125,384.9617919921875,935.8402709960938,660.04248046875,912.2793579101562,720.6427612304688,944.9210205078124,722.8870239257812,940.1441650390624,739.59912109375
156,918.669189453125,384.947509765625,935.6378173828124,659.3665161132812,910.6402587890624,717.4988403320312,944.5185546875,719.0110473632812,939.6514282226562,736.1637573242188
157,919.487060546875,383.5100402832031,935.5299682617188,658.0866088867188,910.1077270507812,712.5267944335938,941.2139892578124,712.6707763671875,937.102294921875,729.722900390625
158,919.487060546875,383.2601623535156,935.48974609375,656.2733764648438,908.2918701171876,707.8812866210938,940.3159790039062,708.932373046875,936.3038940429688,725.59228515625
159,919.487060546875,382.7470703125,935.1165161132812,654.1162109375,905.2637939453124,702.2918090820312,937.154052734375,703.5010375976562,932.4788208007812,720.228271484375
160,918.4724731445312,381.8218078613281,935.0209350585938,651.7573852539062,904.3955078125,697.321044921875,935.2678833007812,697.5911865234375,931.4308471679688,713.5372314453125
161,917.1499633789062,379.407470703125,934.783935546875,650.4933471679688,904.28076171875,691.800537109375,935.2207641601562,693.3880004882812,930.1317749023438,707.2215576171875
162,916.9102783203124,377.7865905761719,934.7523803710938,648.9172973632812,902.93310546875,687.713134765625,932.8282470703124,690.076171875,926.4749755859376,702.8735961914062
163,916.9102783203124,377.24853515625,934.4674682617188,648.2890014648438,901.7186889648438,684.4243774414062,931.4580078125,687.7948608398438,923.8428955078124,698.2803955078125
164,916.9102783203124,377.20159912109375,933.6614379882812,646.957275390625,901.2784423828124,681.7894287109375,930.1004028320312,685.210693359375,919.8980102539062,694.2860717773438
165,917.6288452148438,376.5934143066406,933.2593383789062,645.5440063476562,901.2784423828124,679.45947265625,930.1004028320312,681.6371459960938,919.8980102539062,691.0953369140625
166,918.346435546875,376.2891540527344,932.7750244140624,644.3090209960938,901.2784423828124,677.4443969726562,930.1004028320312,677.9219970703125,919.8980102539062,687.4627075195312
167,918.346435546875,375.8464965820313,932.7750244140624,643.3447265625,902.955322265625,675.0618896484375,930.7159423828124,673.7078857421875,920.7849731445312,683.2700805664062
168,918.3629150390624,375.8419799804688,932.7750244140624,641.9473266601562,903.2452392578124,673.9713745117188,931.7286376953124,670.991943359375,921.732421875,679.6682739257812
169,918.3629150390624,375.5440368652344,932.8607177734376,639.4791870117188,,,932.6054077148438,668.3156127929688,923.2379150390624,676.76513671875
170,918.3629150390624,375.3556213378906,933.0447998046876,637.7584838867188,904.9996948242188,672.8189697265625,934.7644653320312,666.11962890625,926.7332153320312,673.7711791992188
171,918.6741943359376,374.8936462402344,933.0447998046876,637.27197265625,,,935.956787109375,665.05712890625,928.6998901367188,670.5953369140625
172,918.8324584960938,374.5386962890625,933.0516967773438,636.68310546875,,,,,931.2575073242188,669.2103881835938
173,918.8324584960938,374.5203857421875,933.0559692382812,636.68310546875,915.1736450195312,674.3153686523438,,,937.2903442382812,668.9929809570312
174,918.8324584960938,374.5203857421875,933.5567016601562,636.68310546875,923.57421875,674.3489379882812,,,947.6405639648438,668.9929809570312
175,918.8324584960938,374.5203857421875,936.1166381835938,636.759765625,932.3839111328124,675.67724609375,956.607421875,658.7540283203125,956.4102172851562,668.9929809570312
176,918.8235473632812,374.5667419433594,937.7061767578124,638.7518920898438,938.4049072265624,676.0173950195312,960.1224365234376,658.7540283203125,964.358154296875,669.05078125
177,918.6841430664062,374.66802978515625,937.741943359375,640.5147094726562,943.339599609375,678.3787231445312,963.9473266601562,658.7540283203125,969.1135864257812,670.5536499023438
178,918.5178833007812,374.8601379394531,938.585205078125,642.6402587890625,948.261962890625,681.6814575195312,967.379638671875,661.3465576171875,974.3284912109376,670.637451171875
179,918.4141845703124,374.9845581054688,938.770263671875,642.66552734375,950.9808349609376,682.170654296875,967.5022583007812,661.5125732421875,976.5448608398438,671.5322265625
180,918.2966918945312,375.1052856445313,939.0090942382812,642.66552734375,952.8639526367188,682.170654296875,968.510009765625,661.5125732421875,978.1885375976562,671.5322265625
181,918.0470581054688,375.2964477539063,939.5189819335938,642.66552734375,955.2922973632812,682.4480590820312,970.158447265625,661.5125732421875,979.5667114257812,671.5322265625
182,918.0340576171876,375.3092041015625,939.9986572265624,642.6776733398438,957.9990234375,682.5120239257812,971.6421508789062,661.5125732421875,980.560791015625,671.194580078125
183,917.9708251953124,375.365966796875,940.2312622070312,642.7677001953125,958.9205322265624,682.51953125,972.6106567382812,661.5162963867188,980.8150024414062,670.8556518554688
184,918.0340576171876,375.4849853515625,940.5537109375,643.0577392578125,961.3824462890624,683.6475219726562,974.5963745117188,661.3219604492188,982.4655151367188,670.6621704101562
185,918.0470581054688,375.5231323242188,940.6533813476562,643.0577392578125,962.9720458984376,684.4842529296875,975.5267333984376,661.1742553710938,984.56201171875,670.6387939453125
186,918.1190185546876,375.6164855957031,940.776123046875,643.101318359375,965.7612915039062,685.6773071289062,976.6869506835938,661.1346435546875,986.4735107421876,670.5582275390625
187,918.15771484375,375.6415100097656,940.8508911132812,643.2515869140625,967.6526489257812,686.4257202148438,977.5394287109376,661.1346435546875,987.8956298828124,670.5582275390625
188,918.3517456054688,375.708740234375,941.071044921875,643.484619140625,969.03173828125,686.5128173828125,978.7507934570312,661.1346435546875,989.0079345703124,670.6387939453125
189,918.4488525390624,375.7565002441406,941.3626708984376,643.60546875,970.6729125976562,688.017333984375,980.8016967773438,661.6279907226562,989.6729736328124,670.934814453125
190,918.6044311523438,375.8414001464844,941.395263671875,643.9871215820312,972.576416015625,689.5872192382812,981.6952514648438,662.9091186523438,991.3720092773438,672.8593139648438
191,918.6044311523438,375.9505004882813,941.4208374023438,644.7026977539062,974.9634399414062,690.715576171875,982.5958251953124,664.368896484375,995.3673095703124,674.867919921875
192,918.6044311523438,375.9505004882813,941.4208374023438,644.8967895507812,975.315185546875,691.4886474609375,983.4537963867188,664.4568481445312,996.2481689453124,675.9971313476562
193,918.4694213867188,375.8414001464844,941.4208374023438,644.912109375,975.315185546875,691.6621704101562,984.4599609375,664.7127075195312,998.5801391601562,676.9511108398438
194,917.7755126953124,375.8092041015625,941.27001953125,644.912109375,975.315185546875,692.4856567382812,985.219970703125,664.8510131835938,998.7666625976562,678.9231567382812
195,917.2884521484376,375.7256774902344,941.0634765625,644.912109375,975.3141479492188,692.533935546875,985.385009765625,664.74951171875,1001.6162109375,681.90771484375
196,916.6458129882812,375.6727294921875,940.6843872070312,644.7210693359375,975.3141479492188,692.533935546875,986.0420532226562,664.74951171875,1002.9943237304688,684.3290405273438
197,916.6458129882812,375.6727294921875,940.6151733398438,644.5661010742188,975.3141479492188,692.533935546875,986.640869140625,664.8557739257812,1003.540771484375,685.8728637695312
198,916.6458129882812,375.6727294921875,940.6151733398438,644.3480224609375,975.3141479492188,691.7769165039062,987.1060180664062,664.74951171875,1003.540771484375,685.8728637695312
199,916.6843872070312,375.6895446777344,940.6843872070312,644.288330078125,975.3141479492188,689.719482421875,987.6659545898438,664.5189208984375,1003.540771484375,685.8728637695312
200,917.1582641601562,375.7581481933594,940.6053466796876,644.1756591796875,975.06494140625,688.372314453125,987.6659545898438,664.24755859375,1003.38671875,684.4384155273438
201,917.311767578125,375.7889709472656,940.4366455078124,644.1256103515625,975.0460815429688,688.360107421875,987.6659545898438,664.25927734375,1003.32421875,682.9365844726562
202,917.3784790039062,375.7889709472656,940.2855224609376,643.8514404296875,973.8804931640624,688.360107421875,986.5675048828124,664.25927734375,1002.2072143554688,682.9365844726562
203,917.3784790039062,375.8045043945313,939.9160766601562,643.8514404296875,973.3714599609376,688.372314453125,986.1119995117188,663.9338989257812,1001.3924560546876,682.659912109375
204,917.311767578125,375.8045043945313,939.0088500976562,643.6239013671875,972.1569213867188,688.6051025390625,984.8011474609376,663.668212890625,999.1796875,682.2998657226562
205,916.21044921875,375.8785095214844,938.2979125976562,643.4995727539062,970.3162231445312,688.6183471679688,982.443115234375,663.5983276367188,995.3275756835938,682.2998657226562
206,915.47998046875,375.9625549316406,937.4395751953124,643.4984130859375,968.494140625,688.7633666992188,980.9803466796876,663.5983276367188,994.560546875,682.2998657226562
207,915.0333251953124,375.9654235839844,937.4163818359376,643.4468994140625,966.1112060546876,688.893310546875,979.4835205078124,663.5983276367188,993.1575317382812,682.2998657226562
208,915.0333251953124,375.9884643554688,937.4163818359376,643.337158203125,966.1112060546876,689.0528564453125,979.4835205078124,663.7870483398438,993.1575317382812,683.0940551757812
209,915.0333251953124,376.0287780761719,937.4163818359376,643.3556518554688,966.1112060546876,689.0845947265625,979.4835205078124,664.0106201171875,993.1575317382812,683.4696044921875
210,915.6873168945312,376.0287780761719,937.6838989257812,643.3556518554688,966.6920776367188,689.3614501953125,980.347412109375,664.0923461914062,993.8278198242188,683.9324340820312
211,916.248291015625,376.07415771484375,938.0748901367188,643.3556518554688,968.1742553710938,689.3614501953125,981.53076171875,664.0923461914062,996.537353515625,685.0958862304688
212,916.4926147460938,376.0287780761719,938.2965698242188,643.538818359375,968.7068481445312,689.3614501953125,982.0416870117188,664.0923461914062,997.01220703125,685.0958862304688
213,916.4926147460938,376.0426635742188,938.2965698242188,643.60546875,969.0015258789062,689.0565795898438,982.1448974609376,663.834228515625,997.06201171875,685.0958862304688
214,916.4926147460938,376.0426635742188,938.2965698242188,643.9716186523438,969.2504272460938,689.0565795898438,982.1448974609376,663.834228515625,997.06201171875,684.6859741210938
215,916.2708129882812,376.0958251953125,938.10888671875,644.0902709960938,969.2738037109376,689.0565795898438,982.1448974609376,663.834228515625,997.06201171875,684.6859741210938
216,915.6465454101562,376.1983642578125,938.0216064453124,644.4373779296875,969.435302734375,689.5079956054688,982.2384643554688,664.3721313476562,997.1109619140624,684.6859741210938
217,915.4782104492188,376.4263000488281,937.867919921875,644.6112670898438,970.625732421875,690.8756103515625,983.2867431640624,665.7621459960938,997.7054443359376,684.9308471679688
218,915.4425659179688,376.6618041992188,937.867919921875,644.8734130859375,970.8603515625,691.9254760742188,983.4849853515624,666.9010009765625,997.8721923828124,685.37646484375
219,915.4425659179688,376.9419250488281,937.867919921875,645.03662109375,971.1319580078124,692.783447265625,983.8674926757812,667.692626953125,998.1615600585938,686.0328369140625
220,915.4425659179688,376.9908142089844,938.1879272460938,645.4810791015625,971.1319580078124,693.6452026367188,983.8674926757812,668.2257690429688,998.1615600585938,687.9491577148438
221,916.0178833007812,376.9908142089844,938.1879272460938,645.644775390625,971.1319580078124,693.9229736328125,983.8674926757812,669.0289916992188,998.1615600585938,688.398681640625
222,916.1361694335938,377.0767211914063,938.1879272460938,645.8057250976562,970.32373046875,693.9855346679688,982.8543090820312,669.31591796875,998.0742797851562,688.6463623046875
223,916.1361694335938,377.3366394042969,937.91796875,645.987060546875,967.2645874023438,694.1976318359375,980.4268798828124,670.587890625,996.7186279296876,690.1609497070312
224,916.1361694335938,378.108642578125,937.4593505859376,646.8296508789062,963.2781982421876,698.0816040039062,978.1350708007812,674.3130493164062,995.19970703125,699.1574096679688
225,916.0819702148438,379.1844787597656,937.0426635742188,649.3504638671875,955.8607177734376,701.8886108398438,976.4149169921876,679.2755126953125,993.9661254882812,714.4456787109375
226,916.0819702148438,380.40081787109375,936.7786254882812,650.8466796875,949.3358154296876,702.0098266601562,973.1001586914062,683.5099487304688,988.4035034179688,720.892333984375
227,916.0819702148438,383.8156127929688,936.2116088867188,653.133544921875,938.5156860351562,709.608154296875,966.4444580078124,703.338134765625,974.1807250976562,732.4163818359375
228,918.9791259765624,395.7995300292969,936.2116088867188,667.0294189453125,917.5919799804688,718.84716796875,949.323486328125,721.916259765625,949.4583129882812,747.6437377929688
229,923.33154296875,403.3268432617188,936.2116088867188,677.2959594726562,906.9752197265624,719.9126586914062,937.1343994140624,730.279052734375,931.7774658203124,748.901123046875
230,928.4385375976562,403.3268432617188,938.58544921875,677.2959594726562,905.4991455078124,719.9126586914062,935.961669921875,730.279052734375,930.1497192382812,748.901123046875
231,929.3612670898438,403.3268432617188,938.58544921875,677.2959594726562,905.1008911132812,719.9126586914062,934.6538696289062,730.279052734375,929.6014404296876,748.901123046875
232,929.7389526367188,402.544189453125,938.58544921875,672.8627319335938,905.1008911132812,709.8701782226562,934.6538696289062,723.9751586914062,928.7621459960938,747.5114135742188
233,929.7389526367188,400.269775390625,932.8152465820312,665.5999755859375,899.3123779296875,703.9422607421875,927.7587280273438,719.1466064453125,921.3772583007812,743.2922973632812
234,929.3612670898438,399.1799926757813,923.8788452148438,664.7415161132812,891.0900268554688,699.112548828125,915.0607299804688,713.615966796875,903.8888549804688,735.7710571289062
235,928.708251953125,399.13079833984375,908.6773681640624,662.9124145507812,869.1866455078125,699.112548828125,899.6640625,711.6114501953125,890.1142578125,733.2232055664062
236,924.2252807617188,398.5379028320313,908.2250366210938,662.9124145507812,867.3184814453125,699.112548828125,896.6771240234375,711.6114501953125,887.7753295898438,733.2232055664062
237,924.2252807617188,398.5379028320313,908.2250366210938,662.9124145507812,867.3184814453125,700.7113647460938,896.6771240234375,711.6114501953125,887.7753295898438,733.2232055664062
238,924.2252807617188,398.5379028320313,908.2250366210938,665.6707153320312,867.3184814453125,705.455078125,896.6771240234375,717.6655883789062,887.7753295898438,738.5961303710938
239,925.697998046875,398.5379028320313,912.808349609375,666.2899169921875,873.6752319335938,710.0242309570312,903.569580078125,724.5902099609375,894.287841796875,745.5213623046875
240,925.697998046875,398.3766174316406,912.808349609375,666.2899169921875,873.6752319335938,712.8510131835938,904.3973388671876,725.0010375976562,895.5291137695312,746.56640625
241,925.697998046875,397.6777038574219,912.808349609375,666.2899169921875,873.6752319335938,714.4014282226562,904.5511474609376,726.7724609375,895.5291137695312,747.8785400390625
242,921.9044189453124,397.0107116699219,911.0431518554688,663.6539306640625,872.3550415039062,716.0269775390625,904.8046875,727.3604736328125,895.5291137695312,747.975341796875
243,921.9044189453124,396.005615234375,910.9306640625,663.5707397460938,872.198974609375,716.9918212890625,905.0170288085938,727.3604736328125,894.922119140625,747.975341796875
244,921.9044189453124,395.8940734863281,910.9306640625,663.23828125,872.198974609375,718.3034057617188,905.2206420898438,727.3604736328125,894.8162841796875,747.8785400390625
245,922.95166015625,395.5356750488281,910.9306640625,663.0133666992188,872.198974609375,718.3034057617188,906.0105590820312,727.220703125,894.7490234375,747.8302001953125
246,923.0786743164062,395.2547912597656,911.2112426757812,662.2169189453125,872.8209838867188,718.3328247070312,906.3482666015624,727.1110229492188,894.7034912109375,747.0498657226562
247,923.1162719726562,395.0679016113281,911.4849243164062,662.2169189453125,872.9207153320312,718.39453125,906.45458984375,726.7916870117188,894.7034912109375,747.0167846679688
248,923.1162719726562,395.05120849609375,911.9203491210938,662.2169189453125,873.0103759765625,718.39453125,906.4686889648438,726.639404296875,894.6553955078125,746.740966796875
249,923.0786743164062,395.02392578125,912.3125,662.7022705078125,873.1031494140625,718.682861328125,906.5315551757812,726.639404296875,894.7034912109375,746.740966796875
250,923.0404052734376,394.7697448730469,912.5048828125,662.7022705078125,873.7507934570312,719.10546875,906.5315551757812,726.639404296875,894.841064453125,746.0569458007812
251,922.8927001953124,394.7697448730469,913.1924438476562,662.7022705078125,874.39892578125,720.614501953125,906.5315551757812,726.9431762695312,894.841064453125,745.96923828125
252,922.4398193359376,394.7697448730469,913.5878295898438,662.51806640625,875.0232543945312,721.4608154296875,906.4978637695312,726.9987182617188,894.6614990234375,745.96923828125
253,921.6668701171876,394.7121887207031,913.6919555664062,662.4733276367188,875.2886352539062,721.529052734375,906.4549560546876,727.008056640625,894.6614990234375,746.0105590820312
254,921.6536865234376,394.6392517089844,913.9501953125,662.4733276367188,875.52734375,721.5961303710938,906.3292846679688,727.18359375,894.4826049804688,746.0105590820312
255,921.50390625,394.6392517089844,913.9501953125,662.4188232421875,875.6830444335938,721.7738647460938,906.191650390625,727.413818359375,894.437744140625,746.7059326171875
256,920.9762573242188,394.6280517578125,913.9501953125,662.2955932617188,875.6830444335938,721.8474731445312,906.1401977539062,727.413818359375,894.2208251953125,747.1198120117188
257,919.9978637695312,394.0211486816406,912.7451171875,662.2173461914062,875.6830444335938,722.6226196289062,906.0203247070312,727.413818359375,894.1985473632812,747.1198120117188
258,919.0814208984376,393.8671569824219,911.0606079101562,661.7520141601562,875.6126708984375,722.9129028320312,905.4309692382812,727.2591552734375,894.1985473632812,747.1198120117188
259,917.0205688476562,393.5178833007813,910.1650390625,661.1997680664062,875.6126708984375,722.9761352539062,905.3267822265624,727.1238403320312,894.2208251953125,746.904296875
260,914.583984375,393.5178833007813,910.1312255859376,661.1997680664062,875.6126708984375,723.2501220703125,905.3267822265624,726.5687255859375,894.4520874023438,746.6378173828125
261,914.583984375,393.5178833007813,910.1312255859376,661.1997680664062,875.5864868164062,723.3079833984375,905.3267822265624,726.5380859375,894.4520874023438,746.0681762695312
262,914.583984375,393.590087890625,910.1650390625,661.2919311523438,875.6640014648438,723.3241577148438,905.9735107421876,726.5205688476562,894.493896484375,745.7852783203125
263,915.2084350585938,393.8852233886719,910.1837158203124,661.7941284179688,875.835693359375,723.3241577148438,906.5919189453124,726.4603271484375,894.4974975585938,744.501220703125
264,916.0413208007812,394.127197265625,910.5963134765624,662.7296142578125,875.835693359375,723.3079833984375,906.85888671875,726.43017578125,894.8028564453125,741.7213745117188
265,917.2499389648438,394.53228759765625,910.8233642578124,662.7536010742188,875.8929443359375,722.9575805664062,907.321533203125,725.1491088867188,895.1925659179688,737.1194458007812
266,917.67333984375,394.53228759765625,911.0022583007812,663.3206787109375,876.04150390625,722.2184448242188,907.724365234375,723.1240234375,895.679931640625,734.3626098632812
267,917.7144165039062,394.53228759765625,911.5619506835938,663.653564453125,876.04150390625,721.2681884765625,907.8589477539062,722.3253784179688,895.8721923828125,732.4995727539062
268,918.4406127929688,394.3942260742188,911.781005859375,663.653564453125,876.7749633789062,720.4097900390625,908.6790771484376,721.5728759765625,896.2779541015625,730.588134765625
269,918.5973510742188,394.38079833984375,912.2058715820312,663.653564453125,876.8614501953125,719.4470825195312,909.5367431640624,720.17041015625,898.0296020507812,729.764404296875
270,919.5384521484376,393.7553405761719,912.8055419921876,663.5775146484375,877.6426391601562,718.5828857421875,910.302001953125,719.746826171875,898.6925048828125,728.9099731445312
271,920.927001953125,393.3869934082031,913.3425903320312,663.5775146484375,877.7415161132812,718.3207397460938,910.5867919921876,718.78955078125,899.65869140625,728.5389404296875
272,921.760498046875,393.0132141113281,913.9234008789062,663.3118286132812,878.1062622070312,717.7129516601562,910.8092041015624,718.5968627929688,899.9147338867188,728.4964599609375
273,922.0023803710938,392.4911804199219,914.5363159179688,663.3085327148438,878.4484252929688,716.9910278320312,911.2774047851562,718.0070190429688,900.7560424804688,728.2400512695312
274,923.7955322265624,391.196533203125,915.1810302734376,663.0274658203125,879.5010986328125,715.81494140625,912.4132690429688,716.8930053710938,901.9625244140624,727.8684692382812
275,924.3449096679688,390.8170471191406,915.632568359375,662.7251586914062,880.2813720703125,715.3627319335938,913.2548828125,716.8493041992188,903.3603515625,727.0116577148438
276,924.776611328125,390.2447204589844,915.7569580078124,662.3341674804688,881.3335571289062,714.6126708984375,914.1412353515624,715.9456787109375,905.27587890625,726.4095458984375
277,924.8936157226562,389.5729675292969,915.7670288085938,661.485107421875,881.8782958984375,714.4614868164062,915.1710205078124,715.6607666015625,906.5091552734376,725.974609375
278,925.7706298828124,388.8442077636719,915.7670288085938,660.5960693359375,882.4642944335938,714.1422729492188,916.2830200195312,715.1277465820312,907.0653686523438,725.53515625
279,925.7706298828124,387.8455505371094,915.7772216796876,660.0576782226562,882.6793823242188,714.0481567382812,917.2880859375,714.8531494140625,907.8495483398438,725.120361328125
280,925.7706298828124,386.2863464355469,915.792236328125,659.1964721679688,883.4404296875,713.996337890625,918.4970703125,714.484375,909.975341796875,724.5406494140625
281,925.048828125,382.9595642089844,915.9601440429688,657.175048828125,884.0294189453125,713.738525390625,919.8507080078124,713.9237060546875,911.562744140625,724.163818359375
282,924.8399047851562,381.0021667480469,916.3948974609376,654.8831176757812,886.4229736328125,712.5267944335938,922.1800537109376,712.1314697265625,914.3040161132812,723.8865966796875
283,923.5205688476562,376.8544921875,917.3914794921876,652.7110595703125,887.7706298828125,712.3128662109375,924.4837036132812,711.6135864257812,916.6818237304688,723.7498779296875
284,921.3402099609376,373.8232116699219,919.0700073242188,649.9493408203125,890.6586303710938,711.6404418945312,926.0072021484376,711.6135864257812,919.3233642578124,723.7498779296875
285,920.4943237304688,372.9761657714844,920.0057373046876,648.7105102539062,892.6590576171875,711.6404418945312,927.68359375,711.6135864257812,921.2678833007812,723.8865966796875
286,920.4943237304688,372.8840637207031,920.7764282226562,648.1903686523438,893.7987670898438,711.6404418945312,928.032958984375,712.2261962890625,922.6168823242188,724.127685546875
287,920.4943237304688,372.595458984375,921.21435546875,647.8817749023438,894.508544921875,713.0646362304688,928.0774536132812,713.264404296875,923.272216796875,724.8571166992188
288,920.9305419921876,372.0419921875,921.892578125,647.360595703125,896.291259765625,714.3314208984375,928.8673706054688,714.5623168945312,923.5289916992188,725.7850952148438
289,920.9305419921876,371.1812744140625,922.4978637695312,646.5336303710938,897.3678588867188,714.53857421875,929.2033081054688,715.0526733398438,924.3890991210938,726.5862426757812
290,920.9305419921876,370.4101867675781,922.4978637695312,645.8079833984375,898.5424194335938,714.7938232421875,929.613525390625,715.17529296875,924.5486450195312,726.7683715820312
291,920.5369262695312,369.4730529785156,922.4978637695312,645.4425659179688,899.5982666015625,715.1778564453125,929.7044067382812,715.3480834960938,925.3685302734376,727.5228271484375
292,919.9913940429688,368.60150146484375,922.0540771484376,644.4991455078125,900.0863647460938,715.1778564453125,929.7247924804688,715.3480834960938,925.4557495117188,728.0972290039062
293,919.6810302734376,368.46087646484375,922.0540771484376,643.892822265625,900.1753540039062,715.1778564453125,929.7247924804688,715.3781127929688,925.4557495117188,728.1184692382812
294,919.6810302734376,368.46087646484375,922.0540771484376,643.892822265625,900.1831665039062,715.1778564453125,929.7247924804688,715.3781127929688,925.4557495117188,728.1184692382812
295,919.6810302734376,368.46087646484375,922.1221313476562,643.892822265625,900.261962890625,715.1778564453125,929.8546142578124,715.3781127929688,925.094970703125,728.0972290039062
296,919.8238525390624,368.97509765625,922.6973266601562,644.8829956054688,900.5924072265625,715.1079711914062,930.1051635742188,715.3781127929688,925.0787353515624,728.0225830078125
297,919.8238525390624,369.3369140625,923.1527709960938,645.0174560546875,900.9446411132812,715.1044311523438,930.1767578125,715.3781127929688,925.0787353515624,727.7781372070312
298,919.8238525390624,369.6506042480469,923.3199462890624,645.1106567382812,901.0755615234376,714.8706665039062,930.8938598632812,714.2954711914062,925.0787353515624,726.2058715820312
299,919.7140502929688,370.0549011230469,923.5930786132812,645.2996826171875,901.4058837890624,713.6423950195312,931.1900634765624,712.5272216796875,924.7771606445312,724.9884033203125
300,919.5892944335938,370.4046325683594,924.0065307617188,645.628662109375,901.4058837890624,713.2437133789062,931.1900634765624,712.2144775390625,924.7771606445312,724.244384765625
301,919.327880859375,370.7296447753906,924.1773071289062,645.6793212890625,901.415771484375,712.5274658203125,931.2890014648438,710.9859008789062,925.3265380859376,723.4827270507812
302,919.327880859375,370.8401489257813,924.2297973632812,646.0560302734375,901.415771484375,712.2418823242188,931.2890014648438,710.6598510742188,925.4121704101562,723.1996459960938
303,919.327880859375,371.0657043457031,924.4712524414062,646.275390625,901.623291015625,712.2418823242188,931.4246215820312,710.6598510742188,925.7483520507812,723.1996459960938
304,919.8338012695312,371.3003540039063,925.18505859375,646.5076293945312,902.26904296875,712.2418823242188,932.755615234375,710.6598510742188,926.6185913085938,723.1996459960938
305,920.014892578125,372.0145568847656,925.3530883789062,647.4283447265625,902.4912719726562,712.6939697265625,933.1449584960938,711.8524169921875,926.9981079101562,724.5812377929688
306,920.1029052734376,372.7157287597656,925.56103515625,647.5947875976562,903.1921997070312,714.0256958007812,933.5865478515624,713.9334716796875,927.0441284179688,726.9448852539062
307,920.97314453125,372.9695129394531,925.8710327148438,647.6542358398438,903.9281616210938,715.230224609375,934.4481811523438,716.2972412109375,927.7051391601562,729.3595581054688
308,921.62451171875,373.2365417480469,926.5501098632812,648.2199096679688,904.7388916015624,716.2064819335938,934.4755859375,718.1636962890625,928.4979858398438,732.3953247070312
309,921.62451171875,373.2681579589844,927.3334350585938,648.4573364257812,905.7882690429688,717.5072021484375,935.4111328125,719.9185180664062,929.2171020507812,734.4292602539062
310,921.7451171875,373.3304138183594,928.4351196289062,648.491455078125,905.828857421875,717.6614379882812,935.7251586914062,720.193603515625,929.521728515625,734.8056640625
311,921.7451171875,373.7252807617188,928.9201049804688,648.8569946289062,906.112548828125,717.7702026367188,936.093505859375,720.442626953125,929.6083374023438,735.1830444335938
312,921.7122192382812,373.8475036621094,929.2423706054688,649.0126953125,906.112548828125,717.98876953125,936.093505859375,720.8037719726562,929.6083374023438,735.1925048828125
313,921.7122192382812,374.1864929199219,929.7123413085938,649.0678100585938,906.112548828125,717.98876953125,936.093505859375,720.8037719726562,929.6083374023438,735.1925048828125
314,921.7122192382812,374.5289916992188,929.9517211914062,649.3521728515625,906.0452880859376,717.98876953125,935.7391357421876,720.8037719726562,929.4735107421876,735.1925048828125
315,921.647705078125,374.9180603027344,930.0922241210938,649.6705932617188,905.6284790039062,716.9406127929688,935.580322265625,720.186767578125,929.1542358398438,734.4467163085938
316,921.7122192382812,375.0869140625,930.099365234375,649.8904418945312,905.3519287109376,716.6117553710938,935.580322265625,720.1180419921875,928.839111328125,734.0538940429688
317,921.8235473632812,375.2690734863281,930.1353149414062,650.3230590820312,905.3519287109376,716.2304077148438,935.580322265625,720.0950317382812,928.839111328125,734.0538940429688
318,922.0704345703124,375.2690734863281,930.171142578125,650.4352416992188,905.3519287109376,716.2304077148438,935.6293334960938,720.0950317382812,928.839111328125,734.0538940429688
319,922.0906982421876,375.3931579589844,930.3657836914062,650.5260620117188,905.7962036132812,716.2304077148438,936.5838012695312,720.1180419921875,929.5516357421876,734.2108154296875
320,922.1922607421876,375.2690734863281,930.5405883789062,650.5394897460938,907.0046997070312,716.438720703125,938.5194702148438,720.2630615234375,931.3698120117188,734.7322387695312
321,922.325927734375,375.2652893066406,930.6856689453124,650.6148681640625,908.338134765625,716.6348876953125,940.0194702148438,720.4331665039062,932.95751953125,735.4614868164062
322,922.563232421875,375.1913146972656,930.6856689453124,651.0443725585938,909.0010986328124,717.4263305664062,940.66015625,721.2965698242188,933.3541259765624,736.58251953125
323,922.6116943359376,375.0589599609375,930.6856689453124,651.0443725585938,909.78369140625,718.839599609375,940.8680419921876,722.6989135742188,934.348876953125,738.5680541992188
324,922.6116943359376,374.8252258300781,930.5372924804688,651.0443725585938,910.0233154296876,720.4629516601562,940.9130859375,722.6989135742188,934.9685668945312,739.1914672851562
325,922.6116943359376,374.5476379394531,929.9403076171876,651.03173828125,910.092529296875,720.4629516601562,941.01904296875,722.6989135742188,935.1799926757812,739.1914672851562
326,922.1068725585938,374.5476379394531,929.9403076171876,650.89599609375,910.092529296875,720.4629516601562,941.01904296875,722.386962890625,935.2119140625,739.1914672851562
327,922.0191650390624,374.5476379394531,929.9403076171876,650.89599609375,910.092529296875,720.3106689453125,941.01904296875,722.1536865234375,935.2119140625,738.7008056640625
328,922.0191650390624,374.9330139160156,930.0855712890624,651.03173828125,909.1317138671876,718.7202758789062,940.8284301757812,722.078857421875,935.2119140625,738.382568359375
329,922.0191650390624,375.3111267089844,931.00439453125,651.6549072265625,908.6449584960938,717.7727661132812,940.6239013671876,721.46240234375,933.74462890625,736.4561767578125
330,922.0997314453124,375.5330810546875,931.3504638671876,651.8260498046875,908.340576171875,717.7727661132812,940.2547607421876,721.46240234375,932.7086181640624,735.7307739257812
331,922.1351318359376,376.4089660644531,932.595458984375,652.8458862304688,908.340576171875,717.7727661132812,940.2359619140624,721.46240234375,932.3204345703124,735.7307739257812
332,922.4266967773438,377.2671508789063,933.44775390625,654.4944458007812,908.340576171875,717.527587890625,940.1561889648438,721.9287109375,932.0830078125,735.7307739257812
333,922.4266967773438,377.66802978515625,933.6160278320312,655.0880126953125,908.6717529296876,717.738037109375,940.1561889648438,722.2644653320312,932.0830078125,735.8167114257812
334,922.4266967773438,377.9466247558594,933.6622314453124,655.0982666015625,908.7389526367188,717.7725830078125,940.2547607421876,722.3005981445312,932.0830078125,735.9298706054688
335,922.3057250976562,377.9466247558594,933.6622314453124,655.0982666015625,908.9149780273438,717.7725830078125,940.4151000976562,722.352294921875,932.0873413085938,735.9324951171875
336,922.1539306640624,377.9680480957031,933.6622314453124,655.0880126953125,908.9337158203124,717.7725830078125,940.6296997070312,722.35888671875,932.4893798828124,735.9488525390625
337,921.3861083984376,377.9680480957031,933.3695068359376,655.2239379882812,909.6657104492188,718.027099609375,941.1683349609376,722.35888671875,933.4795532226562,736.1200561523438
338,920.6629028320312,377.8939208984375,932.6404418945312,655.215087890625,910.3560791015624,718.6867065429688,941.1683349609376,722.822509765625,934.2689208984376,737.0257568359375
339,919.9027709960938,377.5525207519531,932.23876953125,654.9210205078125,911.0322875976562,720.4338989257812,941.1683349609376,723.5733642578125,935.5231323242188,738.5496826171875
340,919.9027709960938,377.4429016113281,932.23876953125,654.9210205078125,911.837158203125,721.7498779296875,941.2294921875,724.4884033203125,936.0384521484376,738.9664916992188
341,919.9027709960938,376.9406127929688,932.23876953125,654.6362915039062,912.2918701171876,722.7238159179688,941.2294921875,724.88916015625,936.5934448242188,739.2117309570312
342,920.6143798828124,376.8304138183594,932.50439453125,654.4310302734375,912.9573364257812,723.058349609375,941.2294921875,725.0338134765625,936.6475830078124,739.3444213867188
343,921.374755859375,376.80963134765625,932.8920288085938,654.3903198242188,913.5636596679688,723.4647827148438,941.700927734375,725.0338134765625,937.6044921875,739.3444213867188
344,921.8862915039062,376.80963134765625,933.1788330078124,654.3903198242188,913.9235229492188,723.83447265625,942.0593872070312,725.0338134765625,937.931396484375,739.2117309570312
345,922.9114379882812,376.8304138183594,933.5628051757812,654.4310302734375,914.2488403320312,723.892333984375,942.3136596679688,724.8777465820312,938.1349487304688,739.1446533203125
346,923.286865234375,376.8366088867188,933.6106567382812,654.6199951171875,914.4412231445312,724.1192016601562,942.3954467773438,724.717529296875,938.324951171875,738.84130859375
347,923.5783081054688,377.0847473144531,933.7457885742188,654.6364135742188,914.8726196289062,724.1192016601562,943.0630493164062,724.717529296875,938.7890625,738.84130859375
348,923.9222412109376,377.2283630371094,933.9071044921876,655.2467651367188,918.797119140625,726.2254638671875,947.1751708984376,724.717529296875,942.1093139648438,738.84130859375
349,923.9954223632812,380.30999755859375,937.5087890625,659.4594116210938,926.2536010742188,733.5877685546875,954.790283203125,726.7005004882812,950.5079345703124,740.386962890625
350,924.5375366210938,381.19580078125,938.9892578125,660.8253173828125,926.2536010742188,734.7604370117188,955.0277099609376,728.4978637695312,950.993896484375,742.1557006835938
351,925.04638671875,381.2214965820313,939.4873657226562,660.8253173828125,926.2536010742188,735.0482788085938,955.1131591796876,728.769287109375,951.142578125,742.4175415039062
352,925.12939453125,381.6547546386719,939.7944946289062,660.8253173828125,926.1835327148438,735.0482788085938,955.3078002929688,728.8757934570312,951.303955078125,742.5624389648438
353,925.3763427734376,381.2407836914063,940.6057739257812,659.4024047851562,926.1835327148438,735.0482788085938,955.9759521484376,729.9783325195312,951.7987060546876,743.40478515625
354,925.1697387695312,381.2214965820313,941.69287109375,659.3609619140625,926.1835327148438,735.0482788085938,956.6278686523438,731.3626098632812,952.0933227539062,744.7532958984375
355,925.12939453125,381.2214965820313,943.0410766601562,659.051025390625,926.6531372070312,736.28759765625,956.6431274414062,734.059326171875,952.238525390625,747.8405151367188
356,925.12939453125,381.1210632324219,944.3423461914062,658.9817504882812,926.7936401367188,736.4392700195312,956.6536865234376,735.8402099609375,952.259521484375,750.5009765625
357,925.0442504882812,380.9173278808594,945.6920776367188,658.3974609375,927.1162719726562,736.6354370117188,956.77685546875,738.5098876953125,952.4990234375,752.3504028320312
358,925.0442504882812,380.8756408691406,946.5587158203124,658.163818359375,928.0051879882812,736.8236694335938,956.7887573242188,738.7557373046875,952.6693115234376,752.6788330078125
359,925.0442504882812,380.8756408691406,947.2842407226562,658.163818359375,928.0051879882812,736.9584350585938,957.082763671875,738.89990234375,953.1065063476562,753.5808715820312
360,925.3729858398438,380.8756408691406,947.4217529296876,658.163818359375,928.0051879882812,737.13427734375,957.082763671875,739.586669921875,953.1065063476562,754.0770263671875
361,925.539794921875,382.075927734375,948.1259155273438,658.7836303710938,928.00390625,737.374755859375,957.082763671875,740.3468627929688,953.1065063476562,754.433349609375
362,925.6638793945312,383.7054748535156,948.6880493164062,659.7101440429688,926.7742309570312,738.43505859375,956.6380004882812,740.9782104492188,952.9659423828124,754.72216796875
363,925.70068359375,385.9920959472656,949.0728759765624,661.5885620117188,925.5087890625,739.2573852539062,955.8422241210938,741.87939453125,952.348876953125,754.734375
364,926.3973999023438,387.472412109375,949.1320190429688,663.5,924.3848266601562,740.2804565429688,955.0298461914062,742.9590454101562,951.3819580078124,754.734375
365,926.781982421875,389.7324523925781,949.1320190429688,664.739501953125,924.0572509765624,741.108642578125,954.4902954101562,743.7252197265625,951.263916015625,754.72216796875
366,926.9223022460938,390.5756530761719,949.1320190429688,665.036865234375,923.2845458984376,741.1301879882812,953.42919921875,744.2131958007812,949.9177856445312,754.6346435546875
367,927.0208129882812,392.0028381347656,948.4038696289062,666.055908203125,921.63427734375,741.8026733398438,951.991943359375,744.7816162109375,948.0428466796876,754.6346435546875
368,927.051513671875,392.9283447265625,947.3452758789062,666.2301025390625,920.8692016601562,741.8145751953125,951.0903930664062,745.3237915039062,947.3953857421876,754.5933227539062
369,927.051513671875,392.9617614746094,946.6513061523438,666.4902954101562,919.236083984375,741.8145751953125,948.3670654296876,745.3242797851562,944.6346435546876,754.4981079101562
370,927.051513671875,393.0905151367188,945.4653930664062,666.62646484375,918.7571411132812,741.8145751953125,948.009765625,745.416748046875,943.259521484375,754.355712890625
371,926.7905883789062,393.3561706542969,944.8820190429688,666.6431884765625,917.2954711914062,741.9857788085938,945.6026000976562,745.712158203125,942.7057495117188,754.355712890625
372,926.7905883789062,393.8556823730469,944.8820190429688,666.8726806640625,917.1781005859376,741.9857788085938,945.2734985351562,745.5936889648438,942.7057495117188,754.3087768554688
373,926.7905883789062,394.8390808105469,944.8820190429688,667.1939697265625,917.0369873046876,742.017822265625,945.2283325195312,745.5936889648438,942.6494140625,754.2576293945312
374,927.0159912109376,395.0146484375,946.1175537109376,667.210693359375,917.0369873046876,742.017822265625,944.7457885742188,745.416748046875,942.6494140625,754.1268920898438
375,927.0159912109376,395.1933288574219,946.4605712890624,667.3290405273438,917.055908203125,742.017822265625,945.2283325195312,744.9341430664062,942.933349609375,753.721435546875
376,927.0479125976562,395.6654968261719,946.8099975585938,667.6920166015625,917.1781005859376,741.682861328125,945.2567138671876,744.6112670898438,943.054931640625,753.6429443359375
377,927.111083984375,396.8071594238281,947.2478637695312,667.8700561523438,917.4696655273438,741.6102294921875,945.2567138671876,744.6112670898438,943.3152465820312,753.6365966796875
378,927.1497192382812,397.7820739746094,947.9443969726562,668.8765869140625,917.7799682617188,741.6102294921875,946.5616455078124,744.6112670898438,943.4177856445312,753.6365966796875
379,927.8911743164062,399.6145935058594,949.0941162109376,670.6544189453125,918.1220092773438,741.6102294921875,946.5643310546876,744.9664916992188,943.4177856445312,753.721435546875
380,928.0665893554688,401.3909912109375,950.2562255859376,671.9578247070312,918.3207397460938,742.0458984375,946.5643310546876,745.3185424804688,943.4010009765624,753.7459106445312
381,928.0665893554688,401.3938293457031,950.2562255859376,672.1903076171875,918.3207397460938,742.0458984375,946.5616455078124,745.6884155273438,943.4010009765624,753.8125610351562
382,928.1852416992188,401.8457946777344,950.2562255859376,672.1927490234375,918.3716430664062,742.1031494140625,946.283447265625,745.6884155273438,943.1279296875,753.8125610351562
383,928.1852416992188,401.8609619140625,950.1984252929688,672.5360107421875,918.3716430664062,742.1309204101562,946.28271484375,745.6884155273438,943.109619140625,753.8125610351562
384,928.1852416992188,401.9563293457031,950.1836547851562,672.72265625,918.375,742.1309204101562,946.2451171875,745.6278076171875,943.05908203125,753.6888427734375
385,928.1041870117188,401.9563293457031,949.9605712890624,672.927490234375,918.375,742.0779418945312,946.1646118164062,745.3848266601562,943.05908203125,753.5205078125
386,928.1041870117188,401.9563293457031,949.7669067382812,673.0225830078125,918.375,742.1309204101562,946.1143188476562,745.2830810546875,943.0167846679688,753.3959350585938
387,927.9932250976562,401.8619995117188,948.0874633789062,673.0225830078125,918.1508178710938,742.0779418945312,946.0758666992188,744.8587036132812,942.8574829101562,753.3959350585938
388,927.2694702148438,401.790771484375,944.4009399414062,673.0225830078125,916.0094604492188,742.0469360351562,943.8150634765624,744.8514404296875,941.4153442382812,753.3959350585938
389,926.2568359375,401.1987609863281,941.1668090820312,672.927978515625,914.730712890625,741.9100341796875,943.6456909179688,744.808349609375,940.5274658203124,753.365478515625
390,925.4852294921876,401.0997619628906,940.1959228515624,672.63134765625,914.08935546875,741.9100341796875,943.6253051757812,744.700927734375,940.5274658203124,753.4234619140625
391,925.4777221679688,400.8250122070313,939.6019897460938,672.3760986328125,914.02294921875,741.9100341796875,943.35498046875,744.700927734375,940.509765625,753.4491577148438
392,925.4777221679688,400.5281372070313,939.3240356445312,672.1731567382812,914.0103149414062,741.9285888671875,943.35498046875,744.6834716796875,940.509765625,753.4234619140625
393,925.4852294921876,400.1461486816406,939.0921630859376,672.0946655273438,914.0103149414062,742.2407836914062,943.2971801757812,744.6834716796875,940.509765625,753.4234619140625
394,925.6299438476562,400.0554809570313,939.0921630859376,672.0946655273438,914.02294921875,742.259033203125,943.2543334960938,744.7416381835938,940.5464477539062,753.46875
395,925.73583984375,400.0554809570313,939.0921630859376,672.1731567382812,914.7022705078124,742.687744140625,943.143310546875,745.1798095703125,940.5194091796876,753.4913330078125
396,925.8734130859376,400.0554809570313,939.91357421875,672.1920776367188,915.1435546875,742.7153930664062,943.143310546875,745.3558349609375,940.5194091796876,753.4913330078125
397,925.8734130859376,400.2954406738281,940.5596923828124,672.2503662109375,915.4190063476562,742.7471923828125,943.143310546875,745.4190673828125,940.6353149414062,753.58056640625
398,926.0369873046876,400.33306884765625,941.2511596679688,672.2647094726562,915.4962158203124,742.8034057617188,943.1773681640624,745.4190673828125,940.5194091796876,753.51416015625
399,926.0369873046876,400.718505859375,941.86669921875,672.6351318359375,915.5359497070312,742.9390869140625,943.1895751953124,745.580322265625,940.3782348632812,753.58056640625
400,926.0399169921876,401.2784729003906,942.9278564453124,673.0714721679688,915.572265625,742.9996337890625,943.3193359375,745.5880126953125,940.3782348632812,753.58056640625
401,926.1497802734376,401.8668212890625,944.3207397460938,673.1231689453125,916.0576171875,742.9996337890625,943.40673828125,745.5880126953125,940.3734741210938,753.51416015625
402,926.1497802734376,401.93890380859375,945.0104370117188,673.2037963867188,916.1778564453124,742.9390869140625,943.780517578125,745.5880126953125,940.3128662109376,753.3775024414062
403,926.1791381835938,402.1642761230469,945.3367919921876,673.328125,916.3488159179688,742.6869506835938,943.780517578125,745.309814453125,940.3128662109376,753.3172607421875
404,926.3435668945312,402.2472534179688,945.3973388671876,673.4107666015625,916.3488159179688,742.5652465820312,943.780517578125,745.2909545898438,940.3128662109376,753.2931518554688
405,926.6556396484376,403.289794921875,945.3973388671876,674.0025024414062,916.3488159179688,742.4734497070312,943.5374145507812,745.2765502929688,940.2073364257812,753.2911987304688
406,927.3494262695312,404.7389526367188,945.3973388671876,675.3214111328125,914.6121826171876,741.5343017578125,941.5888061523438,745.2197875976562,936.3388061523438,753.174560546875
407,927.4569091796876,405.327392578125,944.4286499023438,676.057861328125,913.337646484375,740.5419311523438,941.0762939453124,744.85400390625,936.061279296875,753.174560546875
408,927.491943359375,405.4836730957031,943.3118896484376,676.3919677734375,912.1708984375,740.2163696289062,939.8688354492188,744.6129150390625,935.047119140625,753.174560546875
409,927.54248046875,405.4836730957031,943.2366943359376,676.4609985351562,911.308349609375,739.573974609375,939.4937744140624,743.9549560546875,934.367431640625,753.174560546875
410,927.491943359375,405.4836730957031,943.2058715820312,676.4609985351562,911.1056518554688,739.0545043945312,939.4937744140624,743.6859130859375,934.367431640625,753.174560546875
411,927.491943359375,404.9034423828125,942.9173583984376,677.36279296875,909.802490234375,738.8170166015625,939.4937744140624,743.1748046875,934.367431640625,753.0088500976562
412,926.6100463867188,404.6570129394531,942.1170654296876,677.36279296875,909.1397705078124,738.7793579101562,939.5154418945312,742.6594848632812,934.882080078125,752.83837890625
413,926.6100463867188,404.018310546875,939.828857421875,677.36279296875,909.1397705078124,738.7793579101562,939.5717163085938,742.6416625976562,934.9708251953124,752.634521484375
414,926.6100463867188,403.58697509765625,938.3178100585938,677.3203125,909.1397705078124,738.7793579101562,939.5878295898438,742.6416625976562,935.0731811523438,752.3287963867188
415,926.7685546875,403.1797180175781,937.6583862304688,677.0313110351562,909.38671875,738.9302368164062,940.1132202148438,742.6594848632812,935.2678833007812,752.3287963867188
416,926.961669921875,402.4932556152344,937.15966796875,676.6659545898438,910.5875854492188,739.9705200195312,941.0735473632812,742.6749267578125,935.3417358398438,752.3287963867188
417,926.9649658203124,401.2138977050781,936.5028076171876,675.734375,911.8687744140624,740.7099609375,941.8065185546876,742.6749267578125,936.7644653320312,752.406005859375
418,927.079833984375,400.7127075195313,935.7774658203124,674.8438720703125,911.979248046875,741.257568359375,941.831298828125,742.8076171875,937.4207763671876,752.5577392578125
419,927.143310546875,400.7127075195313,935.7774658203124,674.2045288085938,912.20361328125,741.2750854492188,941.99267578125,743.1746826171875,938.11767578125,752.9765014648438
420,927.3026733398438,400.7127075195313,935.7774658203124,673.5597534179688,912.807861328125,741.2750854492188,942.2081298828124,743.1746826171875,938.42138671875,752.9765014648438
421,927.8436279296876,400.5657958984375,938.3041381835938,673.5506591796875,913.7937622070312,741.7535400390625,942.796875,743.7189331054688,939.1783447265624,752.7494506835938
422,927.9424438476562,400.6477661132813,940.2454833984376,673.4734497070312,914.0736694335938,741.9111938476562,943.13427734375,744.0326538085938,939.443603515625,752.7494506835938
423,928.1289672851562,400.7171325683594,941.3696899414062,673.2416381835938,914.487060546875,742.30078125,943.13427734375,744.3906860351562,940.3750610351562,752.7494506835938
424,928.143310546875,400.84381103515625,942.1738891601562,673.132080078125,915.1885986328124,742.3699951171875,943.254150390625,744.4841918945312,940.598876953125,752.6475219726562
425,928.3809814453124,400.6477661132813,943.5028076171876,672.8441162109375,915.2408447265624,742.7811889648438,943.13427734375,744.8129272460938,940.598876953125,752.6475219726562
426,928.5722045898438,400.6477661132813,944.4925537109376,672.2515258789062,915.2415161132812,742.7811889648438,943.13427734375,744.8129272460938,940.3750610351562,752.5224609375
427,928.6550903320312,400.1220703125,944.84765625,671.4713134765625,915.6242065429688,742.7811889648438,943.315185546875,744.8129272460938,940.091552734375,752.5224609375
428,928.7242431640624,400.0552062988281,945.3253784179688,671.20068359375,915.6242065429688,742.2175903320312,943.7183227539062,744.2442016601562,939.4195556640624,752.3143920898438
429,928.9632568359376,399.4724426269531,945.3426513671876,670.220703125,915.4280395507812,741.8519897460938,943.7183227539062,744.0582885742188,939.365478515625,752.3143920898438
430,929.48828125,398.7760925292969,945.3426513671876,669.9019165039062,915.2415161132812,741.5507202148438,943.7183227539062,744.0582885742188,938.95751953125,752.3143920898438
431,929.6256103515624,397.5662231445313,945.3426513671876,669.7360229492188,915.2092895507812,741.36083984375,943.62646484375,743.9755859375,938.9344482421876,752.125244140625
432,929.6256103515624,396.4019775390625,945.3426513671876,668.9825439453125,915.2092895507812,741.1134643554688,943.62646484375,743.9755859375,938.9344482421876,752.3414916992188
433,929.6256103515624,394.025634765625,945.3426513671876,666.8871459960938,915.4280395507812,740.2963256835938,943.62646484375,742.8761596679688,938.9344482421876,752.3733520507812
434,929.43994140625,392.0063781738281,946.0680541992188,663.7589721679688,915.5574951171876,739.6895141601562,943.7637329101562,742.521484375,940.2031860351562,752.4486694335938
435,929.1763305664062,391.8870544433594,947.4471435546876,662.4339599609375,916.1378784179688,739.4699096679688,944.6832885742188,742.1058349609375,941.3458251953124,753.28125
436,929.1452026367188,391.8811340332031,948.0083618164062,661.3993530273438,917.0042724609376,739.0675659179688,945.1959838867188,741.995849609375,942.0335083007812,753.28125
437,929.1452026367188,391.8811340332031,948.6995239257812,661.3993530273438,917.1333618164062,738.9614868164062,945.1959838867188,741.995849609375,942.0335083007812,753.62158203125
438,929.1452026367188,391.8811340332031,949.6984252929688,661.3993530273438,917.2169189453124,738.5447387695312,945.2289428710938,742.0432739257812,942.0335083007812,753.8156127929688
439,929.215087890625,392.2595520019531,951.19580078125,661.5227661132812,917.3906860351562,738.2216796875,945.2289428710938,742.0432739257812,942.0335083007812,753.8156127929688
440,929.5409545898438,392.5889587402344,952.1599731445312,662.0944213867188,917.3906860351562,738.0692749023438,945.53515625,741.995849609375,941.7011108398438,753.3865356445312
441,929.6487426757812,394.8869323730469,952.9964599609376,663.1626586914062,917.4537963867188,737.8045654296875,945.53515625,741.7808227539062,941.4161376953124,753.56640625
442,929.767578125,396.4399719238281,953.5391235351562,664.2835083007812,917.4537963867188,737.1702270507812,945.53515625,741.3192138671875,941.4161376953124,753.3865356445312
443,929.767578125,397.2112121582031,953.6212158203124,664.9677734375,917.2147827148438,736.2000122070312,945.4845581054688,740.3917846679688,941.3467407226562,752.93310546875
444,929.767578125,398.5013732910156,953.7229614257812,665.3919067382812,915.855712890625,734.6527099609375,944.1451416015624,738.4812622070312,939.751220703125,752.6553344726562
445,929.5731201171876,399.9233093261719,953.7229614257812,666.2048950195312,915.1068725585938,734.6263427734375,944.1451416015624,738.4812622070312,939.751220703125,752.6553344726562
446,929.5731201171876,400.6899719238281,953.7001342773438,667.331787109375,914.3533935546876,734.1849365234375,944.0607299804688,738.3199462890625,939.18798828125,752.11083984375
447,929.5570678710938,401.7279968261719,953.7001342773438,668.3133544921875,912.965576171875,734.0655517578125,944.0003051757812,738.2573852539062,938.974609375,752.0872192382812
448,929.1901245117188,401.8042602539063,951.8406982421876,669.475341796875,912.7528076171876,729.5750732421875,943.408935546875,738.2573852539062,936.392822265625,751.98828125
449,928.8848876953124,402.33050537109375,949.833740234375,669.7710571289062,912.0925903320312,727.495849609375,941.2105712890624,737.3453979492188,934.79248046875,751.6006469726562
450,928.8848876953124,402.5432739257813,949.0711669921876,670.400634765625,911.7184448242188,727.11962890625,940.6614990234376,737.3388061523438,934.0471801757812,751.487060546875
451,928.8848876953124,403.0307922363281,948.3388061523438,671.291259765625,911.5318603515624,726.793701171875,940.2171630859376,737.264404296875,933.9436645507812,751.3221435546875
452,928.9234619140624,403.1073913574219,948.1471557617188,671.405029296875,911.4434204101562,726.1632690429688,940.07470703125,736.9718627929688,933.9238891601562,750.923828125
453,929.0299072265624,403.2631530761719,947.4835815429688,671.6576538085938,911.285888671875,726.1632690429688,939.551513671875,736.9378662109375,933.793212890625,750.923828125
454,929.1082763671876,403.40625,947.015625,671.944580078125,911.0921020507812,726.1267700195312,939.021728515625,736.86865234375,933.5318603515624,750.923828125
455,929.1082763671876,403.5215148925781,946.6134643554688,672.6229248046875,910.7789916992188,726.1267700195312,938.9789428710938,736.834228515625,933.1871948242188,750.69775390625
456,929.1422119140624,403.597900390625,946.321533203125,673.0400390625,910.7571411132812,726.050537109375,938.8438110351562,736.834228515625,933.14892578125,750.6536254882812
457,929.1422119140624,403.5990905761719,945.614013671875,673.68798828125,910.4351806640624,725.5914916992188,938.2463989257812,736.4404296875,932.4921264648438,749.975341796875
458,929.0446166992188,403.5990905761719,945.59033203125,674.1864013671875,910.0354614257812,725.404296875,937.9850463867188,736.4210205078125,931.7487182617188,749.9427490234375
459,929.0277709960938,403.597900390625,945.3284301757812,674.342529296875,909.46923828125,725.1439208984375,937.9119262695312,734.6083374023438,930.0609741210938,749.782958984375
460,929.0162353515624,403.4579772949219,944.9559326171876,674.342529296875,907.807861328125,724.5137329101562,934.3916625976562,734.6082763671875,923.3407592773438,747.894775390625
461,928.712158203125,403.3856506347656,943.18310546875,674.342529296875,906.78515625,722.0524291992188,931.1600952148438,732.4148559570312,916.4187622070312,738.4515991210938
462,928.3158569335938,403.2290649414063,941.0184326171876,673.2703857421875,899.3479614257812,717.3157348632812,924.2576904296876,727.5249633789062,910.9918212890624,732.6111450195312
463,928.0355224609376,402.6954345703125,936.26171875,672.12841796875,898.5119018554688,712.7008666992188,921.2758178710938,721.6280517578125,908.3717041015624,727.76904296875
464,927.95458984375,401.9421691894531,932.8350830078124,671.7988891601562,897.6456909179688,709.2218627929688,918.7933959960938,718.1864624023438,907.017822265625,727.1273803710938
465,927.95458984375,401.1750793457031,929.868408203125,671.1337280273438,895.2913818359375,709.2218627929688,917.8240356445312,718.1864624023438,907.017822265625,727.1273803710938
466,928.0355224609376,400.7208862304688,928.399658203125,670.9873657226562,894.4613037109375,709.2218627929688,917.8240356445312,718.1864624023438,907.017822265625,727.1273803710938
467,928.1600952148438,400.4542236328125,928.372314453125,670.9599609375,893.9173583984375,711.8444213867188,917.8240356445312,720.6478271484375,907.2033081054688,729.8580932617188
468,928.3775024414062,400.09521484375,927.97216796875,670.95361328125,892.305908203125,714.6051635742188,918.3294677734376,724.1881103515625,908.8095703125,733.4127807617188
469,928.3775024414062,399.3861999511719,927.8773803710938,669.828125,892.1268310546875,716.7621459960938,918.9892578125,727.2315063476562,908.9813232421876,736.6575927734375
470,928.428466796875,397.8356323242188,927.8030395507812,668.020263671875,891.4190673828125,720.5128173828125,919.9390258789062,729.960205078125,908.9813232421876,739.740234375
471,928.4696655273438,396.4881591796875,927.506103515625,666.5734252929688,890.6842041015625,722.2037353515625,921.1448974609376,730.6548461914062,908.9813232421876,742.2172241210938
472,928.428466796875,394.7218933105469,927.0880737304688,665.4310913085938,890.2410888671875,723.7281494140625,921.730712890625,731.1267700195312,908.1683349609376,742.6580200195312
473,928.3944091796876,394.0082702636719,927.0880737304688,664.63720703125,890.2110595703125,724.5763549804688,921.7779541015624,731.7901611328125,908.1683349609376,743.4517211914062
474,928.3944091796876,393.6892700195313,927.0880737304688,664.06005859375,890.2012939453125,724.6905517578125,921.79052734375,731.7959594726562,908.1683349609376,743.8053588867188
475,928.1200561523438,393.6190185546875,927.2012939453124,663.5797729492188,890.109375,724.695068359375,921.887451171875,731.9064331054688,908.4559936523438,743.939697265625
476,928.113037109375,393.5250854492188,927.2012939453124,663.1243896484375,890.2012939453125,724.9303588867188,921.9258422851562,731.9064331054688,908.4861450195312,743.939697265625
477,928.0924682617188,393.338134765625,927.2012939453124,662.93505859375,890.2110595703125,724.966552734375,921.9725952148438,731.9064331054688,908.5546875,743.9818725585938
478,927.8841552734376,393.2000122070313,926.763671875,662.7217407226562,890.2445068359375,724.9998779296875,922.236572265625,731.6296997070312,908.5590209960938,744.0599975585938
479,927.8841552734376,393.118896484375,926.5535888671876,662.3573608398438,890.3584594726562,724.9998779296875,922.6846923828124,731.091064453125,908.9146728515624,744.0599975585938
480,927.8589477539062,392.9000854492188,926.1478271484376,662.314453125,890.4485473632812,724.9998779296875,922.9363403320312,730.9295654296875,909.5890502929688,744.355712890625
481,927.4894409179688,392.5071411132813,925.8602905273438,662.2904663085938,890.4954833984375,725.0467529296875,923.2469482421876,730.3355712890625,909.894287109375,744.5262451171875
482,927.302734375,392.4236145019531,925.2859497070312,662.1124267578125,890.5253295898438,725.0467529296875,923.4111328125,729.986328125,910.7694091796876,744.8987426757812
483,926.8823852539062,392.3701171875,925.2859497070312,662.104248046875,890.6453247070312,725.0467529296875,923.692138671875,728.6541137695312,912.45361328125,744.8987426757812
484,926.602294921875,392.3668212890625,925.2859497070312,662.104248046875,890.8966674804688,724.9016723632812,924.0552368164062,728.6541137695312,912.8370361328124,744.8987426757812
485,925.9411010742188,392.2228393554688,925.4801025390624,662.104248046875,891.4689331054688,724.2635498046875,924.4627685546876,728.6541137695312,913.2847290039062,744.5440063476562
486,925.9411010742188,392.2228393554688,926.5798950195312,662.2523803710938,892.9557495117188,724.2635498046875,925.166259765625,728.6585083007812,915.078125,744.5440063476562
487,925.9411010742188,392.2228393554688,928.0932006835938,662.6903076171875,894.5650024414062,724.2635498046875,926.9072265625,728.8316040039062,917.0578002929688,744.5440063476562
488,926.1306762695312,392.3008117675781,929.3869018554688,663.6065063476562,896.5813598632812,725.2650756835938,928.0628662109376,730.27099609375,919.9136352539062,746.077392578125
489,927.2469482421876,392.3008117675781,930.674072265625,664.676025390625,899.118408203125,725.6030883789062,930.4445190429688,731.8834838867188,922.5451049804688,746.93603515625
490,927.2653198242188,392.3008117675781,932.6069946289062,665.1356811523438,901.6373291015624,725.90625,933.027587890625,732.8070678710938,924.6243286132812,747.093017578125
491,927.4359741210938,391.9393615722656,933.7328491210938,665.3423461914062,904.0130004882812,726.169921875,935.9299926757812,734.607177734375,927.1717529296876,749.2730712890625
492,927.6634521484376,391.6800842285156,935.2033081054688,666.189453125,906.853271484375,727.289306640625,937.158447265625,736.1367797851562,930.1651000976562,751.0762939453125
493,927.723876953125,391.32122802734375,936.3716430664062,666.189453125,910.2754516601562,728.8059692382812,940.2572021484376,736.6832275390625,933.8056030273438,751.2803955078125
494,928.00048828125,390.847412109375,938.05224609375,666.189453125,912.0294799804688,728.8059692382812,941.5942993164062,736.6832275390625,935.0614013671876,751.3038330078125
495,928.0446166992188,389.6042785644531,938.7201538085938,664.2481689453125,913.1515502929688,728.8059692382812,942.2378540039062,736.6832275390625,935.7572631835938,751.5647583007812
496,928.8343505859376,388.22265625,938.8865966796876,662.9269409179688,913.5269775390624,727.3590698242188,942.5287475585938,736.3786010742188,936.2316284179688,751.5846557617188
497,930.1728515625,386.2701416015625,939.6290893554688,661.1785888671875,914.1592407226562,727.3590698242188,943.0919799804688,736.1528930664062,937.4071044921876,751.5846557617188
498,930.1728515625,386.1795349121094,940.3560791015624,660.9959716796875,914.9201049804688,727.3590698242188,944.1044921875,736.1528930664062,938.5213623046876,751.5846557617188
499,930.1728515625,385.0962219238281,940.3560791015624,659.7282104492188,915.0883178710938,727.7946166992188,944.1044921875,736.1528930664062,938.8536987304688,751.5846557617188
500,929.7453002929688,383.78948974609375,940.3917846679688,658.537109375,915.3236083984376,729.8740844726562,944.1044921875,737.29638671875,939.0119018554688,751.5846557617188
501,929.4756469726562,383.78948974609375,940.629638671875,658.35791015625,915.5087280273438,731.0782470703125,943.939697265625,737.6123657226562,939.0139770507812,751.5560913085938
502,929.4473876953124,383.78948974609375,940.6316528320312,658.35791015625,915.5612182617188,731.2722778320312,943.939697265625,737.8358764648438,939.0281372070312,751.5560913085938
503,929.4473876953124,384.14654541015625,941.7134399414062,658.35791015625,915.5612182617188,731.5552368164062,943.939697265625,737.9857177734375,939.204345703125,751.6153564453125
504,929.4756469726562,384.4511413574219,942.948486328125,659.181396484375,915.6483154296876,732.0757446289062,944.517333984375,737.9857177734375,939.2783813476562,751.8091430664062
505,929.7669067382812,385.6837463378906,945.3689575195312,661.2905883789062,916.5173950195312,732.0757446289062,946.4427490234376,737.9857177734375,941.1058959960938,751.8091430664062
506,929.8485717773438,387.90087890625,948.9578247070312,662.3975830078125,919.076416015625,732.0757446289062,949.9747314453124,737.97509765625,941.1058959960938,751.8091430664062
507,929.8485717773438,387.90087890625,951.9378662109376,662.3975830078125,920.3560791015624,730.296630859375,951.512939453125,732.7494506835938,941.8273315429688,748.7359008789062
508,929.8485717773438,387.90087890625,952.0054321289062,662.3975830078125,920.8187255859376,724.546142578125,951.7981567382812,728.0342407226562,941.9244995117188,740.0032348632812
509,929.269775390625,386.7530822753906,952.0829467773438,661.5574340820312,921.5693969726562,720.2374877929688,952.9653930664062,723.3785400390625,941.9244995117188,734.3597412109375
510,928.311279296875,385.6676025390625,952.5040283203124,659.0504150390625,921.5693969726562,716.46484375,952.9653930664062,718.1347045898438,941.9244995117188,728.0211181640625
511,928.2353515625,385.0363159179688,953.40869140625,656.8346557617188,922.6065673828124,710.8162231445312,954.6094360351562,711.9845581054688,945.14794921875,723.9449462890625
512,928.2353515625,385.0363159179688,954.432861328125,655.0347900390625,924.5894165039062,708.1007080078125,955.7794799804688,709.3916625976562,945.9390258789062,721.4968872070312
513,928.2353515625,385.0363159179688,954.432861328125,655.0347900390625,924.5894165039062,706.7034912109375,955.7794799804688,709.0308837890625,945.9390258789062,721.1592407226562
514,928.3172607421876,386.654541015625,954.432861328125,655.0347900390625,924.5894165039062,706.5712890625,955.7794799804688,708.7691040039062,945.9390258789062,721.1592407226562
515,928.4297485351562,388.9013671875,953.8165283203124,654.8834838867188,923.3482055664062,706.5247192382812,953.4791870117188,708.4998168945312,944.6641235351562,721.1209106445312
516,929.0897216796876,390.3766479492188,952.048583984375,654.8834838867188,919.7744140625,704.7623901367188,948.9432983398438,708.4998168945312,942.1627807617188,721.1209106445312
517,929.13623046875,390.3766479492188,948.1334228515624,654.1507568359375,915.3087158203124,702.7552490234375,945.0606689453124,706.1969604492188,938.631591796875,718.1192016601562
518,929.1387939453124,390.3766479492188,944.7536010742188,651.5634765625,,,938.8555297851562,701.700439453125,932.432373046875,712.0183715820312
519,929.2764282226562,390.3766479492188,941.9522094726562,647.7430419921875,908.5872802734376,689.551513671875,935.7914428710938,693.3430786132812,931.3635864257812,706.8086547851562
520,929.279541015625,390.3766479492188,939.2261352539062,643.2219848632812,,,933.718017578125,688.5166625976562,927.3719482421876,699.9284057617188
521,929.4712524414062,390.7682189941406,938.7987670898438,643.2219848632812,,,933.3995361328124,688.5166625976562,927.2015380859376,699.9284057617188
522,929.963134765625,391.2468566894531,938.785888671875,643.2219848632812,,,933.3995361328124,688.5166625976562,927.2015380859376,699.9284057617188
523,929.9642944335938,391.9985656738281,938.7750244140624,643.7596435546875,905.4239501953124,689.1364135742188,933.3995361328124,689.3724975585938,927.3719482421876,700.24560546875
524,930.22607421875,392.3828125,938.5870971679688,645.9484252929688,905.4239501953124,695.7213134765625,935.176513671875,694.9025268554688,927.2015380859376,704.3834838867188
525,930.2449340820312,393.17193603515625,938.4600219726562,646.9349975585938,906.1768798828124,701.5386352539062,937.384521484375,700.4366455078125,926.7861938476562,705.3870849609375
526,930.2816772460938,393.17193603515625,938.4461669921876,646.9349975585938,906.2527465820312,702.1253662109375,937.384521484375,700.4366455078125,926.3530883789062,705.3870849609375
527,930.2816772460938,393.17193603515625,938.38720703125,646.9349975585938,906.2527465820312,702.1253662109375,937.384521484375,700.4366455078125,926.1569213867188,705.3870849609375
528,930.2816772460938,393.0630187988281,938.38720703125,646.5177612304688,906.2527465820312,702.1253662109375,936.5933227539062,698.5310668945312,925.9967651367188,703.9782104492188
529,930.0653686523438,392.9689636230469,938.4173583984376,645.1715087890625,905.450927734375,699.7161865234375,934.9406127929688,695.769287109375,924.8946533203124,702.2276000976562
530,930.0270385742188,392.8515930175781,938.4461669921876,645.1715087890625,905.4468994140624,699.7161865234375,934.8781127929688,695.769287109375,923.7474975585938,702.2276000976562
531,929.7931518554688,392.8515930175781,938.72265625,645.1715087890625,905.4468994140624,699.7161865234375,934.8781127929688,695.769287109375,923.7474975585938,702.2276000976562
532,929.452392578125,392.9002075195313,939.2586059570312,646.1138305664062,905.450927734375,700.3953857421875,934.8781127929688,696.0538940429688,923.7474975585938,702.6331176757812
533,929.3802490234376,392.9002075195313,939.5697021484376,646.617919921875,906.0446166992188,701.5634765625,935.3029174804688,697.5220947265625,924.9752197265624,703.5140380859375
534,929.3802490234376,392.9002075195313,940.048095703125,647.5075073242188,907.1890869140624,702.7305297851562,936.1082763671876,699.0870361328125,925.1937866210938,704.5247802734375
535,929.3802490234376,392.9002075195313,940.190673828125,647.5968017578125,907.609130859375,702.7643432617188,936.9089965820312,699.0885620117188,925.3444213867188,705.221923828125
536,929.3078002929688,392.4905090332031,940.3328857421876,648.1351928710938,907.6339721679688,704.9244384765625,938.4330444335938,700.7307739257812,926.043212890625,706.1597290039062
537,929.1371459960938,392.00146484375,940.4349975585938,649.607421875,908.296630859375,707.09619140625,938.8800659179688,703.4755859375,927.3276977539062,708.9786987304688
538,929.1371459960938,391.6899108886719,941.4555053710938,651.6690063476562,911.431396484375,710.6407470703125,940.3021850585938,707.9876708984375,930.3038940429688,719.0740356445312
539,929.1371459960938,391.6899108886719,943.4085083007812,655.05517578125,913.202392578125,717.144287109375,942.9634399414062,714.0748291015625,932.90087890625,724.5573120117188
540,929.1771240234376,391.6831970214844,944.7296752929688,657.1746826171875,914.686279296875,718.3427734375,944.3134155273438,716.5444946289062,933.1981201171876,726.373046875
541,929.5156860351562,391.6831970214844,946.0543823242188,659.1669921875,915.4642333984376,718.6133422851562,945.0982666015624,717.2311401367188,935.8204345703124,727.7911376953125
542,929.5156860351562,391.8292846679688,946.0543823242188,659.4527587890625,915.4642333984376,719.3848266601562,945.2308349609376,718.9588012695312,935.8204345703124,729.7927856445312
543,929.5156860351562,391.8355102539063,946.0543823242188,660.67724609375,915.4642333984376,720.3450927734375,945.5361328125,720.939453125,935.9464111328124,732.0153198242188
544,928.7574462890624,392.1360168457031,946.1695556640624,661.8779296875,914.86474609375,721.18310546875,945.547119140625,723.3867797851562,936.2401123046876,735.1378784179688
545,928.7574462890624,392.1360168457031,946.1695556640624,662.479736328125,914.5496215820312,722.703125,945.547119140625,725.6939086914062,937.0028686523438,737.4635009765625
546,928.7574462890624,392.1360168457031,946.1695556640624,662.6676025390625,914.5496215820312,723.4370727539062,946.2570190429688,726.8800659179688,938.2054443359376,740.3681030273438
547,928.8890991210938,392.1360168457031,946.7196655273438,662.7373657226562,914.5496215820312,723.5726928710938,948.3153686523438,727.2658081054688,939.7518310546876,742.6764526367188
548,928.98828125,392.1918640136719,947.310546875,662.9541015625,916.3740844726562,725.0049438476562,949.6258544921876,730.1392211914062,941.7902221679688,745.359130859375
549,928.98828125,392.1155090332031,947.310546875,664.9859008789062,916.3966674804688,727.63330078125,949.6258544921876,734.7843017578125,941.841796875,750.6085815429688
550,928.8890991210938,392.2902526855469,947.310546875,665.2401123046875,916.4219970703124,730.83984375,949.6258544921876,738.0237426757812,941.861083984375,752.204345703125
551,928.8486938476562,392.2902526855469,946.568359375,666.08349609375,916.6595458984376,732.378173828125,948.6920166015624,739.1954345703125,941.861083984375,752.204345703125
552,928.5209350585938,392.2902526855469,946.568359375,666.08349609375,916.6177368164062,732.378173828125,948.1635131835938,739.1954345703125,941.861083984375,752.204345703125
553,928.5209350585938,392.250732421875,946.568359375,666.08349609375,916.6595458984376,732.378173828125,948.1635131835938,739.1954345703125,942.022705078125,751.9990234375
554,928.5209350585938,392.250732421875,947.6500244140624,664.750732421875,916.6595458984376,731.923095703125,948.1635131835938,739.189453125,942.022705078125,751.875732421875
555,928.5325317382812,391.8865356445313,949.2546997070312,664.5994873046875,918.3160400390624,731.923095703125,949.9874877929688,739.0822143554688,944.028076171875,751.7172241210938
556,928.5325317382812,391.8865356445313,951.7554931640624,664.4984130859375,920.6107788085938,731.923095703125,952.0592651367188,739.0822143554688,945.423583984375,751.7172241210938
557,928.61083984375,391.8865356445313,954.05615234375,664.4805297851562,922.3539428710938,733.2494506835938,954.4403686523438,739.0822143554688,947.4954833984376,751.7172241210938
558,928.8776245117188,391.70941162109375,955.4027099609376,664.2010498046875,924.8626098632812,734.5436401367188,956.7890625,738.9877319335938,949.6582641601562,751.7172241210938
559,929.2686157226562,391.70941162109375,956.3616333007812,664.1021728515625,928.323974609375,734.5436401367188,958.7312622070312,738.847412109375,951.9229125976562,751.7172241210938
560,929.5949096679688,391.6274719238281,958.7811889648438,664.04541015625,930.1084594726562,734.5436401367188,960.6956176757812,737.3492431640625,955.1283569335938,751.469482421875
561,929.5949096679688,391.22076416015625,958.7811889648438,662.79296875,931.04296875,733.8799438476562,962.4902954101562,736.5409545898438,957.48779296875,751.0249633789062
562,930.052978515625,390.6683044433594,959.1424560546876,661.7952880859375,931.2156372070312,733.3576049804688,962.8961791992188,736.0501708984375,957.8375854492188,750.6259155273438
563,930.052978515625,389.9763793945313,959.7405395507812,660.8262329101562,931.3506469726562,733.3576049804688,962.9849243164062,735.9722900390625,958.012939453125,750.6259155273438
564,930.4309692382812,389.9539489746094,959.3330688476562,660.541748046875,932.8622436523438,733.8799438476562,963.5723266601562,735.9722900390625,958.077880859375,750.6259155273438
565,930.5841674804688,389.1025085449219,959.3330688476562,660.1441040039062,934.1035766601562,734.0143432617188,963.8796997070312,735.9722900390625,959.0121459960938,750.7353515625
566,931.2659912109376,388.6617126464844,959.4488525390624,660.1226196289062,934.8644409179688,735.7512817382812,963.8796997070312,737.3184204101562,959.7328491210938,751.676513671875
567,931.41357421875,388.6496276855469,959.3330688476562,660.1226196289062,935.4772338867188,736.2926635742188,963.9338989257812,737.7230224609375,959.8370361328124,751.989013671875
568,931.2659912109376,388.3070373535156,959.2865600585938,660.1441040039062,935.5869750976562,737.0980224609375,963.9354248046876,738.851318359375,959.884765625,752.8029174804688
569,931.2659912109376,388.3070373535156,959.2865600585938,660.68359375,935.6061401367188,737.8179931640625,963.9619750976562,739.4351806640625,960.6338500976562,753.44140625
570,930.3348388671876,388.3070373535156,959.36572265625,660.68359375,935.6558837890624,737.8179931640625,964.0845947265624,739.562255859375,960.7574462890624,753.44140625
571,929.688232421875,388.9185180664063,959.36572265625,660.68359375,935.6558837890624,737.8179931640625,964.0845947265624,739.562255859375,960.8081665039062,753.44140625
572,928.9558715820312,388.9185180664063,959.8004150390624,660.1370849609375,936.000732421875,737.638671875,964.0845947265624,739.4351806640625,960.8081665039062,753.1021728515625
573,928.107177734375,388.9185180664063,960.2538452148438,660.1322021484375,936.0350952148438,737.0576171875,964.064453125,739.3026733398438,960.7574462890624,753.1021728515625
574,928.07666015625,388.6161804199219,960.5579833984376,660.1049194335938,936.0630493164062,737.0576171875,963.8594360351562,739.25830078125,960.4463500976562,753.0724487304688
575,928.07666015625,388.5592346191406,960.8505249023438,659.4931030273438,936.1282958984376,737.0576171875,963.83544921875,739.1935424804688,960.4463500976562,753.1021728515625
576,928.0390625,388.5592346191406,960.9287719726562,658.8253784179688,936.1282958984376,737.1533813476562,963.8001098632812,739.152587890625,960.4463500976562,753.1444702148438
577,928.0347900390624,388.5592346191406,961.2632446289062,657.08349609375,936.2149047851562,737.3226928710938,963.8001098632812,739.152587890625,960.8289794921876,753.2643432617188
578,928.0347900390624,388.950927734375,962.251708984375,656.9548950195312,936.2149047851562,737.5003662109375,963.8001098632812,738.9818115234375,961.1963500976562,753.3693237304688
579,928.0347900390624,389.1154174804688,962.9840087890624,656.9548950195312,936.1282958984376,737.8779296875,964.005126953125,738.9818115234375,961.29736328125,753.7516479492188
580,927.964599609375,389.4502258300781,962.9840087890624,656.9548950195312,936.1095581054688,738.1226806640625,964.005126953125,739.1715087890625,961.29736328125,754.1506958007812
581,927.964599609375,389.60357666015625,962.9840087890624,657.0064086914062,935.9358520507812,738.6536865234375,964.005126953125,739.2455444335938,961.1963500976562,754.191650390625
582,927.2724609375,390.8117370605469,962.792236328125,658.5484008789062,935.4017333984376,739.6342163085938,963.5214233398438,740.1502075195312,960.6670532226562,754.191650390625
583,926.195556640625,391.9459838867188,962.6480712890624,659.1278076171875,935.3695678710938,740.5897216796875,962.612548828125,741.6716918945312,959.0753173828124,754.191650390625
584,926.195556640625,392.3502502441406,962.6480712890624,660.5318603515625,935.3271484375,740.8922729492188,962.1044921875,742.234130859375,958.4639892578124,754.169921875
585,926.195556640625,392.55462646484375,962.6480712890624,660.9808959960938,935.3695678710938,740.8922729492188,962.0314331054688,742.6627197265625,957.9568481445312,754.0862426757812
586,926.3438720703124,392.6474914550781,962.9366455078124,661.8112182617188,935.2838134765624,740.9064331054688,961.9842529296876,742.7484130859375,957.559326171875,754.0862426757812
587,926.5017700195312,392.8429260253906,963.09912109375,661.8651123046875,935.2838134765624,740.9410400390625,961.9337768554688,742.9933471679688,957.1707153320312,754.1356201171875
588,926.941650390625,393.0447387695313,963.1869506835938,661.9277954101562,935.3314819335938,740.9064331054688,961.8528442382812,743.7660522460938,957.1318969726562,754.1328735351562
589,927.0344848632812,393.3077697753906,963.2100830078124,661.9313354492188,935.3314819335938,740.8804931640625,961.498291015625,743.837646484375,957.1182250976562,754.1328735351562
590,927.226318359375,393.3614501953125,963.1869506835938,661.9313354492188,935.26220703125,740.8804931640625,961.465576171875,743.9028930664062,956.86962890625,754.1328735351562
591,927.3644409179688,393.3658142089844,963.09912109375,662.3604736328125,935.26220703125,740.8804931640625,961.465576171875,743.9341430664062,956.6333618164062,754.1328735351562
592,927.3644409179688,393.5464782714844,962.9533081054688,663.1923217773438,935.0950317382812,740.8804931640625,961.28173828125,744.0911254882812,956.53076171875,754.1328735351562
593,927.50146484375,394.1331481933594,962.7216186523438,663.3108520507812,934.8300170898438,741.1317138671875,961.22314453125,744.4661865234375,956.53076171875,754.8444213867188
594,927.50146484375,394.468017578125,962.5601196289062,663.3908081054688,934.81884765625,741.2937622070312,961.1893310546876,744.52880859375,956.3980712890624,755.0540771484375
595,927.6258544921876,394.5730895996094,962.4457397460938,663.690673828125,934.70654296875,741.306884765625,961.1189575195312,744.5595092773438,956.5829467773438,755.0540771484375
596,927.7562866210938,394.9485778808594,962.3617553710938,664.0318603515625,934.5549926757812,741.3892822265625,961.108642578125,744.6771850585938,956.4651489257812,755.0540771484375
597,927.7562866210938,395.7409973144531,962.1276245117188,664.7891845703125,934.4932861328124,741.5225219726562,961.072998046875,744.7817993164062,956.520751953125,755.0540771484375
598,927.758056640625,396.2084655761719,961.9264526367188,664.8350830078125,934.4605102539062,741.7786254882812,961.0025024414062,744.9880981445312,956.4651489257812,755.0787353515625
599,927.758056640625,396.9681701660156,961.56298828125,665.375,934.4534912109376,741.8554077148438,961.0025024414062,744.9880981445312,956.520751953125,755.0787353515625
600,927.8930053710938,397.8829345703125,961.557373046875,665.7782592773438,934.3052978515624,742.1039428710938,961.072998046875,744.9880981445312,956.520751953125,755.0787353515625
601,928.2684936523438,397.9950256347656,961.557373046875,666.017333984375,934.2376098632812,742.1358032226562,961.0751953125,744.8492431640625,956.80517578125,754.5398559570312
602,928.7855224609376,398.1100769042969,961.557373046875,666.045654296875,934.1978759765624,742.1738891601562,961.0946044921876,744.8492431640625,956.80517578125,754.4598388671875
603,928.9329223632812,398.2309875488281,961.588623046875,666.8524780273438,934.1978759765624,742.1738891601562,961.1058959960938,744.8401489257812,956.817138671875,754.3405151367188
604,929.2039184570312,398.2409362792969,961.6082153320312,667.2327880859375,934.1978759765624,742.1998901367188,961.1509399414062,744.7454223632812,956.8174438476562,754.2408447265625
605,929.2540893554688,398.2864074707031,961.6207275390624,667.6034545898438,934.1419677734376,742.1998901367188,961.2416381835938,744.72802734375,956.8525390625,754.2408447265625
606,929.3495483398438,398.4891662597656,961.6082153320312,667.6671752929688,934.1360473632812,742.26123046875,961.27880859375,744.7454223632812,956.8643188476562,754.3405151367188
607,929.369384765625,398.5366516113281,961.5934448242188,667.8560791015625,934.0726928710938,742.2514038085938,961.4202270507812,744.7108764648438,957.1231689453124,754.3416137695312
608,929.4000244140624,398.5366516113281,961.5934448242188,667.9545288085938,934.0708618164062,742.286865234375,961.4202270507812,744.7454223632812,957.1626586914062,754.4097290039062
609,929.4671020507812,398.5366516113281,961.4910278320312,668.04052734375,934.0708618164062,742.2911987304688,961.4202270507812,744.7213745117188,957.1626586914062,754.4097290039062
610,929.4835205078124,398.4644775390625,961.4910278320312,667.9545288085938,933.9894409179688,742.3383178710938,961.4144897460938,744.7891235351562,957.1626586914062,754.4097290039062
611,929.6666870117188,398.4644775390625,961.4746704101562,667.916259765625,933.9149169921876,742.3856811523438,961.3131103515624,744.876220703125,957.1087646484376,754.3404541015625
612,929.9940185546876,398.4644775390625,961.4746704101562,667.916259765625,933.6282348632812,742.4140625,960.862060546875,744.876220703125,956.6007080078124,754.1815795898438
613,929.9940185546876,398.2733154296875,961.0771484375,667.39892578125,933.25830078125,742.41552734375,960.4989013671876,744.8463745117188,956.4515380859376,754.1655883789062
614,929.9940185546876,398.1983337402344,960.6334838867188,667.1366577148438,932.6552734375,742.41552734375,960.2784423828124,744.8463745117188,956.2203369140624,754.104736328125
615,929.9134521484376,397.923095703125,959.950927734375,666.1183471679688,932.5860595703124,742.4140625,959.645751953125,744.7289428710938,955.85986328125,754.104736328125
616,929.895263671875,397.3970642089844,959.5050659179688,665.8413696289062,932.5001220703124,742.2755126953125,959.5521240234376,744.7289428710938,955.66015625,754.104736328125
617,929.6353149414062,397.0442810058594,959.1112670898438,665.3696899414062,932.5001220703124,742.2476196289062,959.1354370117188,744.7289428710938,955.49072265625,754.174072265625
618,929.5479125976562,396.61041259765625,959.04150390625,665.1314086914062,932.4431762695312,742.2235107421875,958.8255615234376,744.6953735351562,955.1697998046876,754.2044677734375
619,929.441162109375,396.44573974609375,958.7938842773438,664.6050415039062,932.5001220703124,742.2235107421875,958.77490234375,744.7406616210938,955.105712890625,754.3090209960938
620,929.41015625,396.3656005859375,958.7938842773438,664.5504150390625,932.5016479492188,742.0845336914062,958.54736328125,744.7406616210938,955.0739135742188,754.3497924804688
621,929.41015625,395.9542541503906,958.7938842773438,664.4637451171875,932.517578125,741.9920043945312,958.54736328125,744.6953735351562,955.0363159179688,754.3572387695312
622,929.41015625,395.9542541503906,958.927001953125,664.3744506835938,932.59423828125,741.5783081054688,958.54736328125,744.4010620117188,955.0363159179688,755.810791015625
623,929.6885375976562,395.9542541503906,959.3176879882812,664.3439331054688,932.735595703125,741.4953002929688,958.8140258789062,744.3390502929688,955.0363159179688,755.810791015625
624,929.8806762695312,396.0680541992188,959.9164428710938,664.3439331054688,932.8494262695312,741.3214111328125,959.0580444335938,744.2825317382812,955.1494750976562,755.810791015625
625,930.1865844726562,396.0835876464844,960.331298828125,664.3744506835938,933.0062255859376,741.2696533203125,959.122314453125,744.1583862304688,955.201904296875,755.7242431640625
626,930.4194946289062,396.2350463867188,960.5786743164062,664.3825073242188,933.1192016601562,741.1771850585938,959.21044921875,743.9564819335938,955.2134399414062,755.6932373046875
627,930.5140991210938,396.2350463867188,960.752685546875,664.5372314453125,933.1882934570312,741.15380859375,959.2244873046876,743.9357299804688,955.2827758789062,755.6282958984375
628,930.679443359375,396.7870788574219,960.914794921875,664.5884399414062,933.2982177734376,740.9035034179688,959.2716064453124,743.6820678710938,955.3723754882812,755.5108642578125
629,930.7286987304688,397.0833435058594,961.0966186523438,664.6949462890625,933.5252685546876,740.6477661132812,959.7509155273438,743.3202514648438,955.958984375,753.8672485351562
630,930.943359375,397.1681213378906,962.0196533203124,664.9978637695312,933.7759399414062,740.6152954101562,959.9776000976562,743.2872314453125,956.1765747070312,753.8672485351562
631,931.2467041015624,397.26556396484375,962.5979614257812,665.4884643554688,934.2063598632812,740.5620727539062,960.38232421875,743.191650390625,956.6478881835938,753.7063598632812
632,931.2467041015624,397.26556396484375,963.7596435546876,665.722412109375,934.2063598632812,740.1532592773438,960.38232421875,742.8369750976562,956.6478881835938,753.6627807617188
633,931.2467041015624,397.26556396484375,963.7596435546876,665.722412109375,934.2063598632812,740.1532592773438,960.38232421875,742.8369750976562,956.6478881835938,753.1122436523438
634,931.2328491210938,396.7527770996094,963.7596435546876,666.21728515625,933.44775390625,740.1532592773438,959.6422119140624,742.8369750976562,956.12548828125,753.1122436523438
635,929.84619140625,396.2575988769531,963.1331787109376,666.21728515625,931.9032592773438,740.044189453125,957.482666015625,743.3438720703125,952.9660034179688,753.1122436523438
636,929.0546264648438,395.5728759765625,961.6790771484376,666.21728515625,930.0310668945312,739.75439453125,955.5346069335938,743.4508056640625,951.0034790039062,753.1405639648438
637,928.3851318359376,394.9918518066406,960.89306640625,666.21728515625,927.9891967773438,739.6910400390625,955.19140625,743.7011108398438,951.0034790039062,753.4959716796875
638,928.2224731445312,394.9808654785156,960.556640625,666.5309448242188,926.4087524414062,739.6910400390625,955.19140625,744.013916015625,950.9859008789062,753.6704711914062
639,928.2224731445312,394.9789123535156,960.1510009765624,666.7660522460938,926.144287109375,739.6910400390625,955.1847534179688,744.013916015625,950.9859008789062,753.6704711914062
640,928.3851318359376,394.9446105957031,959.3223876953124,666.6849975585938,926.1292724609376,739.9923706054688,955.1847534179688,744.018310546875,950.9859008789062,753.6704711914062
641,928.3851318359376,394.9446105957031,957.7332763671876,666.6849975585938,926.0953369140624,740.5066528320312,954.3265991210938,744.0703125,950.5511474609376,753.8129272460938
642,928.2801513671876,394.4065856933594,954.7095336914062,666.6849975585938,925.9258422851562,741.0855102539062,954.0615844726562,744.0703125,950.5511474609376,753.6704711914062
643,928.2801513671876,392.06292724609375,953.8787841796876,664.9578247070312,925.4046630859376,741.0855102539062,953.884521484375,744.0703125,950.5353393554688,753.6175537109375
644,928.2801513671876,390.95513916015625,952.9647827148438,663.448486328125,924.9244384765624,741.0855102539062,953.4877319335938,743.9136962890625,950.5216064453124,753.514404296875
645,928.1941528320312,390.3406066894531,952.7920532226562,660.8222045898438,924.9244384765624,740.39697265625,953.4877319335938,743.240966796875,950.5353393554688,753.4634399414062
646,928.2801513671876,390.0558471679688,952.7920532226562,660.2037963867188,924.9244384765624,739.9965209960938,953.4877319335938,742.9063110351562,950.5581665039062,753.3629760742188
647,928.29638671875,389.9764099121094,952.7920532226562,660.0579223632812,925.1432495117188,739.8310546875,953.6046142578124,742.7923583984375,950.5581665039062,753.3579711914062
648,928.5921630859376,389.7822570800781,954.1383056640624,659.6600952148438,925.3316650390624,739.5142211914062,953.7216796875,742.6994018554688,950.6647338867188,753.2977905273438
649,929.0009765625,388.5531005859375,955.7235717773438,659.3880615234375,926.1150512695312,738.6109008789062,954.2161865234376,741.8512573242188,950.6647338867188,753.2977905273438
650,929.0396118164062,387.9129028320313,956.9532470703124,658.0888671875,926.7509765625,738.0247802734375,954.6184692382812,741.7152099609375,950.6647338867188,752.9857788085938
651,929.9991455078124,387.9129028320313,957.30419921875,657.7935791015625,926.7509765625,737.7254028320312,954.6184692382812,741.5233764648438,950.6394653320312,752.9857788085938
652,930.7214965820312,387.8652038574219,957.30419921875,657.6135864257812,926.7509765625,737.4559326171875,954.6184692382812,741.16650390625,950.1949462890624,752.9857788085938
653,930.9150390625,387.8652038574219,957.30419921875,657.6094360351562,926.6508178710938,737.3917846679688,954.3701171875,741.0990600585938,949.9822998046876,752.8373413085938
654,930.9150390625,387.77874755859375,957.0143432617188,657.5990600585938,925.9003295898438,736.2579956054688,953.6861572265624,740.1025390625,949.4307861328124,752.2774658203125
655,930.9150390625,387.3848571777344,955.8837280273438,656.4862670898438,921.6956176757812,735.9210205078125,948.27001953125,739.3666381835938,944.991455078125,752.2774658203125
656,930.8776245117188,386.4875183105469,952.9456787109376,653.551513671875,918.3705444335938,732.0975341796875,944.0818481445312,734.6146850585938,938.7650146484376,751.7159423828125
657,930.4926147460938,384.8683166503906,949.8978271484376,648.9342041015625,912.8643188476562,724.9371948242188,938.7947387695312,728.9115600585938,927.8746337890624,746.4967041015625
658,930.3726806640624,383.5529479980469,946.6199951171876,645.211181640625,907.1738891601562,716.05078125,935.158935546875,718.4847412109375,919.9736938476562,735.7868041992188
659,929.2899169921876,383.1713562011719,944.226318359375,640.3352661132812,903.2531127929688,701.6340942382812,930.6779174804688,703.1971435546875,918.7626342773438,719.8339233398438
660,929.2899169921876,382.3204650878906,941.4429931640624,634.7022094726562,898.8154296875,686.9937744140625,928.85986328125,691.6834716796875,917.1317138671876,703.4794311523438
661,929.2899169921876,382.3204650878906,939.2582397460938,629.4775390625,898.8154296875,675.226318359375,927.1922607421876,679.1397094726562,916.6702880859376,692.5948486328125
662,929.7139282226562,382.3204650878906,939.2582397460938,628.3436889648438,898.5562744140625,668.562744140625,927.1922607421876,671.5234985351562,916.4558715820312,681.4715576171875
663,930.1990356445312,385.5469055175781,939.2582397460938,628.3436889648438,897.2567749023438,668.2486572265625,927.1922607421876,671.5234985351562,916.4558715820312,680.7872314453125
664,931.3577270507812,388.73486328125,939.2582397460938,628.3436889648438,897.2567749023438,668.2486572265625,927.1922607421876,671.5234985351562,916.1853637695312,680.4437866210938
665,931.750732421875,390.9849243164063,939.2582397460938,628.4046630859375,,,927.1922607421876,669.9598388671875,916.1853637695312,678.8111572265625
666,931.750732421875,392.02685546875,937.857666015625,628.4046630859375,,,924.7882690429688,669.9598388671875,912.8955078125,678.72802734375
667,931.750732421875,392.02685546875,934.1781616210938,628.4046630859375,,,921.027587890625,668.4785766601562,910.279052734375,675.546142578125
668,930.7327270507812,392.02685546875,930.70458984375,620.950927734375,,,917.4966430664062,658.0424194335938,909.1846313476562,672.240478515625
669,930.7327270507812,390.9974060058594,927.2114868164062,613.0922241210938,,,914.0722045898438,643.64013671875,904.0177612304688,656.9925537109375
670,930.7327270507812,389.5665588378906,927.2114868164062,604.83447265625,,,914.0722045898438,631.3611450195312,902.8084106445312,640.8582763671875
671,930.9513549804688,387.6802062988281,927.2114868164062,592.8501586914062,,,914.0722045898438,618.0599365234375,902.8084106445312,627.1661987304688
672,931.847412109375,386.9598083496094,927.526123046875,586.8757934570312,,,914.7410278320312,609.5465087890625,902.8084106445312,616.238525390625
673,933.0250244140624,386.9598083496094,929.197021484375,581.911865234375,,,918.9259643554688,606.8804931640625,908.7494506835938,611.9132690429688
674,934.085205078125,386.9598083496094,930.90087890625,581.911865234375,,,925.3355712890624,606.8804931640625,915.9302368164062,611.9132690429688
675,934.2161254882812,387.259033203125,932.1336669921876,581.911865234375,,,927.4407348632812,606.8804931640625,917.544189453125,611.9132690429688
676,935.4723510742188,388.7428894042969,932.8687133789062,584.5608520507812,,,928.7179565429688,610.4237060546875,919.8235473632812,617.2219848632812
677,935.6914672851562,390.0974731445313,932.98583984375,588.150390625,,,930.1383056640624,615.8995971679688,922.6688232421876,624.9140625
678,936.0368041992188,391.64935302734375,933.8710327148438,591.0906372070312,,,930.4534912109376,621.0496215820312,923.1738891601562,629.6957397460938
679,936.7759399414062,391.64935302734375,934.7698364257812,593.7251586914062,,,,,926.467529296875,629.6957397460938
680,937.9605712890624,391.64935302734375,937.1688842773438,593.7251586914062,,,,,929.7529296875,629.6957397460938
681,939.0573120117188,391.3356323242188,941.49169921875,593.7251586914062,,,,,934.1192626953124,629.2791137695312
682,941.1265258789062,390.8507995605469,945.9192504882812,591.0194091796875,,,,,941.0632934570312,625.30419921875
683,941.6226196289062,389.0559997558594,951.5861206054688,589.24072265625,,,,,946.2219848632812,622.949462890625
684,941.6226196289062,388.5054321289063,956.0333862304688,587.5712280273438,,,,,950.7109985351562,619.4815673828125
685,941.6397705078124,387.1948852539063,956.196533203125,587.5712280273438,932.972412109375,626.493896484375,,,956.5048828125,619.4815673828125
686,942.2483520507812,387.1948852539063,957.1817016601562,587.5712280273438,933.1204223632812,626.493896484375,,,957.6007690429688,619.4815673828125
687,942.5868530273438,387.1948852539063,958.826171875,588.6494750976562,935.2974243164062,627.7444458007812,,,959.6403198242188,621.5662841796875
688,942.5868530273438,388.9995422363281,958.826171875,590.9119262695312,936.833251953125,633.747802734375,,,960.2928466796876,627.725341796875
689,942.5868530273438,391.87884521484375,958.826171875,595.7799682617188,,,,,960.2928466796876,635.4165649414062
690,942.0844116210938,393.4674682617188,958.0501098632812,598.9515380859375,936.833251953125,645.1810302734375,967.1591186523438,635.3403930664062,960.2928466796876,641.9241333007812
691,941.7504272460938,394.2847595214844,955.912841796875,602.642333984375,934.713134765625,646.4501342773438,964.5657958984376,639.1203002929688,958.3681640625,645.0416259765625
692,940.2645263671876,394.3280944824219,953.5725708007812,603.8229370117188,931.22412109375,648.6599731445312,961.3711547851562,641.0436401367188,955.75048828125,647.3301391601562
693,940.2645263671876,395.2604370117188,949.7423095703124,606.7069702148438,928.2931518554688,652.8975830078125,959.2145385742188,644.71533203125,950.8472290039062,651.759033203125
694,940.2645263671876,396.8544006347656,946.525634765625,610.6519775390625,924.0048828125,655.6449584960938,956.4376831054688,648.9964599609375,947.5464477539062,657.1817626953125
695,940.2645263671876,398.8779296875,944.9281005859376,613.7965698242188,922.0515747070312,659.0350952148438,953.9642944335938,653.7622680664062,946.2109375,661.4049072265625
696,940.2645263671876,400.7966918945313,943.7308349609376,616.212158203125,920.0421142578124,662.372802734375,951.4583129882812,657.23388671875,943.8464965820312,664.4144897460938
697,940.0393676757812,402.2691650390625,939.195556640625,617.3059692382812,918.0524291992188,664.9005737304688,949.1511840820312,659.07568359375,942.739990234375,669.3395385742188
698,938.7406616210938,402.6271667480469,936.8087158203124,619.4854125976562,914.0713500976562,668.6861572265625,946.06201171875,662.538330078125,937.8231201171876,672.2791137695312
699,938.3876953125,402.6271667480469,934.1646118164062,620.9656372070312,910.9649047851562,670.679443359375,944.1925659179688,665.0477905273438,935.5325317382812,674.9471435546875
700,938.3876953125,402.6271667480469,934.1646118164062,622.49462890625,910.9649047851562,673.0641479492188,944.1925659179688,667.2180786132812,935.5325317382812,678.7573852539062
701,938.3876953125,402.0911865234375,934.1646118164062,623.4942016601562,910.9649047851562,673.9766235351562,944.1925659179688,667.9332275390625,935.5325317382812,679.8406372070312
702,938.697265625,401.7898864746094,936.616943359375,625.7326049804688,915.2393188476562,675.6506958007812,945.21826171875,669.9878540039062,938.990234375,682.7498779296875
703,939.2098388671876,401.7289733886719,940.1984252929688,628.0324096679688,919.8372802734376,677.823486328125,949.2492065429688,671.79736328125,944.0921630859376,684.6162109375
704,939.9223022460938,401.4655151367188,944.599609375,631.4506225585938,924.3448486328124,683.1521606445312,954.5222778320312,676.9215087890625,949.170654296875,687.6400756835938
705,940.0667114257812,401.407958984375,948.441650390625,632.3572998046875,929.8824462890624,686.5401611328125,958.7432250976562,678.0638427734375,952.33447265625,693.0335693359375
706,940.0667114257812,400.9328308105469,950.9594116210938,632.8645629882812,933.8901977539062,687.6676025390625,961.9613647460938,678.8050537109375,956.0614624023438,693.4335327148438
707,940.4694213867188,400.7232971191406,950.9594116210938,632.8645629882812,933.8901977539062,687.6676025390625,961.9613647460938,678.8050537109375,956.0614624023438,693.4335327148438
708,940.2540893554688,400.5464172363281,950.9594116210938,632.8645629882812,933.8901977539062,687.6676025390625,962.0210571289062,678.8050537109375,956.0614624023438,693.4335327148438
709,940.2540893554688,399.1753540039063,951.0781860351562,631.9140625,935.1675415039062,686.2235107421875,962.3872680664062,677.470947265625,958.13525390625,690.1396484375
710,940.2703247070312,398.4012451171875,951.0781860351562,631.9140625,935.1675415039062,686.2235107421875,962.3872680664062,677.470947265625,958.13525390625,690.1396484375
711,940.27490234375,398.4012451171875,952.002197265625,631.9140625,936.1228637695312,686.2235107421875,963.2421875,677.470947265625,958.3051147460938,690.1396484375
712,940.2703247070312,398.4012451171875,952.6055908203124,633.4821166992188,936.8023681640624,687.42626953125,965.1244506835938,678.389404296875,958.9510498046876,694.2623291015625
713,940.2703247070312,400.1753540039063,952.6055908203124,636.048828125,936.8023681640624,691.7625122070312,965.1244506835938,681.0375366210938,958.9510498046876,701.2709350585938
714,940.2562255859376,402.2313232421875,952.6055908203124,640.1258544921875,936.8023681640624,697.6515502929688,965.1244506835938,685.1394653320312,958.9510498046876,706.364013671875
715,938.96630859375,403.9234619140625,949.309814453125,644.1239013671875,933.3917236328124,703.7232055664062,960.9530639648438,692.3521728515625,956.2713012695312,714.3253173828125
716,937.929931640625,404.54290771484375,946.06103515625,648.91650390625,928.197998046875,709.22216796875,956.5449829101562,700.2298583984375,952.1624145507812,721.6962280273438
717,937.929931640625,405.1810302734375,943.1780395507812,651.3578491210938,924.4578247070312,711.5999145507812,954.5704956054688,704.42529296875,948.269775390625,725.34814453125
718,937.929931640625,405.2828674316406,943.1780395507812,652.065673828125,924.4578247070312,711.6132202148438,954.5704956054688,704.5172119140625,948.1505126953124,725.34814453125
719,937.929931640625,405.5095520019531,943.1780395507812,652.27783203125,924.4135131835938,711.6835327148438,954.4739990234376,704.73828125,948.0830688476562,725.3739013671875
720,937.929931640625,405.5979309082031,943.1780395507812,652.7099609375,923.8736572265624,712.3804931640625,954.4739990234376,704.8161010742188,947.9986572265624,726.4500732421875
721,937.9126586914062,405.9257507324219,943.1780395507812,653.4929809570312,923.8736572265624,713.5558471679688,954.4739990234376,706.3336181640625,947.4257202148438,726.4500732421875
722,937.4019165039062,406.394287109375,942.5150146484376,655.0288696289062,921.4583129882812,716.1632690429688,950.8710327148438,708.9358520507812,945.647705078125,729.417724609375
723,935.948486328125,406.9617919921875,940.1491088867188,656.5394897460938,919.0436401367188,719.3074340820312,948.3551635742188,711.6439208984375,942.5538330078124,733.4615478515625
724,935.59521484375,407.1339416503906,938.5493774414062,658.4271850585938,917.520751953125,721.6679077148438,946.4000244140624,713.4789428710938,941.1890869140624,735.8734130859375
725,934.4846801757812,407.1339416503906,938.5493774414062,659.6098022460938,917.520751953125,723.6931762695312,946.4000244140624,715.6640014648438,941.1890869140624,738.6144409179688
726,933.9420776367188,407.1339416503906,938.5493774414062,661.0849609375,917.520751953125,727.79345703125,946.4000244140624,718.861328125,941.1890869140624,741.3050537109375
727,933.9420776367188,407.1224060058594,940.1788940429688,663.162841796875,918.5789794921876,730.6818237304688,947.5191040039062,723.5416259765625,941.7224731445312,745.242919921875
728,933.9420776367188,407.036865234375,942.8365478515624,663.969970703125,921.01513671875,732.6978759765625,950.4500732421876,726.525634765625,942.8568115234376,749.0628051757812
729,934.7910766601562,406.8257141113281,944.743408203125,663.969970703125,924.644287109375,732.7430419921875,954.230224609375,726.525634765625,947.2591552734376,749.0628051757812
730,936.205078125,406.3204650878906,945.9269409179688,663.969970703125,926.10791015625,732.7430419921875,956.2694702148438,726.525634765625,950.40673828125,749.0628051757812
731,936.3187255859376,404.1867065429688,945.9269409179688,662.4802856445312,926.7789916992188,732.6978759765625,956.8936767578124,725.0031127929688,951.312744140625,748.799560546875
732,936.3561401367188,402.5723876953125,945.9269409179688,660.2061157226562,928.0951538085938,730.9937744140625,957.4390258789062,723.1739501953125,951.7600708007812,747.4323120117188
733,936.3561401367188,400.7171020507813,945.7294311523438,658.4841918945312,928.6843872070312,728.6399536132812,958.2648315429688,721.2881469726562,953.0950317382812,744.848388671875
734,936.3561401367188,399.80560302734375,945.693359375,657.21533203125,928.7645874023438,726.9918212890625,958.4423217773438,720.2942504882812,953.294921875,744.0357055664062
735,936.5324096679688,399.2525634765625,945.5282592773438,655.3462524414062,928.7645874023438,726.3411254882812,958.4423217773438,719.9029541015625,953.294921875,743.5072631835938
736,936.8894653320312,397.5836791992188,945.1436767578124,652.5639038085938,928.6843872070312,723.9866333007812,958.4423217773438,717.2737426757812,953.0950317382812,742.2528686523438
737,937.07470703125,396.842529296875,944.8198852539062,650.9765014648438,926.4852905273438,720.549560546875,956.843505859375,716.2288818359375,951.7737426757812,739.9384155273438
738,937.07470703125,396.842529296875,943.9577026367188,650.9765014648438,921.180419921875,717.8389892578125,951.730712890625,716.2288818359375,945.2384033203124,739.2202758789062
739,937.07470703125,396.842529296875,942.7930297851562,650.9765014648438,916.291259765625,717.8389892578125,945.774169921875,716.2288818359375,938.2289428710938,739.2202758789062
740,936.6400146484376,398.5258483886719,940.6957397460938,651.7171630859375,912.1704711914062,717.8389892578125,940.590087890625,716.9114990234375,932.440185546875,739.2202758789062
741,935.570556640625,399.6110534667969,937.7704467773438,654.334228515625,905.9786376953124,718.8074340820312,935.7216796875,719.2330322265625,925.970947265625,741.2151489257812
742,934.8129272460938,401.1125183105469,934.9720458984376,656.1858520507812,902.5692749023438,721.6417236328125,931.3369750976562,723.666748046875,921.0535278320312,743.1699829101562
743,934.8129272460938,402.1957092285156,934.9720458984376,658.7918090820312,900.1597900390625,724.5739135742188,929.5552368164062,727.0625,916.35791015625,745.8917236328125
744,934.8129272460938,402.45654296875,934.9720458984376,660.094970703125,900.1597900390625,725.1769409179688,929.5552368164062,727.4652709960938,916.35791015625,746.37841796875
745,935.8893432617188,402.45654296875,935.4262084960938,660.094970703125,900.1597900390625,725.1769409179688,929.5552368164062,727.4652709960938,916.35791015625,746.37841796875
746,937.2761840820312,402.45654296875,937.0426025390624,660.094970703125,902.0942993164062,725.1769409179688,931.0963745117188,727.4652709960938,918.9818115234376,746.37841796875
747,937.5964965820312,402.3020629882813,939.3341064453124,659.3621215820312,903.6475219726562,722.5779418945312,931.48681640625,725.5607299804688,920.4736938476562,743.2625122070312
748,937.5964965820312,402.3020629882813,939.3341064453124,658.0294189453125,903.6475219726562,719.0753173828125,931.48681640625,722.8388061523438,920.4736938476562,740.2807006835938
749,937.5964965820312,402.3020629882813,939.3341064453124,657.693603515625,903.6475219726562,716.749755859375,931.48681640625,720.6068725585938,920.4736938476562,737.7791137695312
750,937.4252319335938,402.4357604980469,935.7778930664062,657.693603515625,899.581787109375,714.7120971679688,928.909423828125,719.7264404296875,914.7328491210938,737.7791137695312
751,936.81494140625,402.5353698730469,931.2222290039062,657.693603515625,894.2972412109375,713.8580932617188,924.5763549804688,719.7264404296875,910.5095825195312,737.7791137695312
752,936.3704223632812,402.5388488769531,929.5316772460938,659.3248901367188,890.6095581054688,713.8580932617188,920.7943725585938,719.7264404296875,906.6348266601562,737.8895874023438
753,936.3704223632812,402.6130676269531,928.1829833984376,660.6320190429688,887.7003173828125,713.8580932617188,920.3353881835938,720.8573608398438,905.4810791015624,739.5256958007812
754,936.3704223632812,402.6130676269531,928.1829833984376,660.6320190429688,887.7003173828125,713.8580932617188,920.3353881835938,721.6782836914062,905.4810791015624,741.0703125
755,936.844482421875,402.5353698730469,928.1829833984376,660.6320190429688,887.7003173828125,713.8580932617188,920.3353881835938,721.6782836914062,905.4810791015624,743.2823486328125
756,937.0699462890624,402.4523620605469,930.3616333007812,659.0446166992188,889.7781372070312,712.5733032226562,921.8504638671876,721.6782836914062,909.0409545898438,743.2823486328125
757,937.7380981445312,402.1394958496094,932.1732788085938,655.6033325195312,892.001708984375,710.6328125,924.754150390625,720.5792846679688,912.151123046875,743.2823486328125
758,938.8854370117188,402.0982360839844,934.0713500976562,653.2355346679688,894.494140625,706.7872314453125,927.4907836914062,718.11328125,914.2658081054688,743.3597412109375
759,938.8854370117188,401.9348449707031,934.911376953125,651.207763671875,895.0990600585938,706.7872314453125,927.4907836914062,718.11328125,916.1133422851562,743.3597412109375
760,938.8854370117188,401.9348449707031,934.911376953125,651.207763671875,895.0990600585938,706.7872314453125,927.4907836914062,718.11328125,916.1133422851562,743.3597412109375
761,938.7899169921876,402.0771484375,934.911376953125,651.207763671875,895.0990600585938,711.1644897460938,926.5264892578124,721.3875122070312,916.1133422851562,747.9812622070312
762,938.7899169921876,402.0771484375,933.016357421875,652.4654541015625,894.6648559570312,714.713134765625,925.8540649414062,725.0359497070312,914.59033203125,752.60498046875
763,938.4940795898438,402.1753845214844,931.709716796875,654.0770263671875,894.6648559570312,720.302490234375,925.3890991210938,729.0894775390625,912.5774536132812,758.3223266601562
764,938.4110717773438,402.2077941894531,931.709716796875,654.5333251953125,894.6648559570312,724.22607421875,925.3890991210938,732.81103515625,912.5774536132812,762.1848754882812
765,938.4110717773438,402.2640075683594,931.709716796875,654.8630981445312,894.9906005859375,726.2521362304688,925.3890991210938,733.533935546875,912.5774536132812,765.0421752929688
766,938.4110717773438,402.3259582519531,931.8425903320312,654.9141845703125,898.1002807617188,727.8345336914062,926.4445190429688,734.2627563476562,913.4696044921876,767.1876220703125
767,938.2526245117188,402.5230407714844,933.7678833007812,655.2991333007812,899.8792114257812,728.882080078125,927.8931274414062,734.3186645507812,915.9219970703124,768.2625122070312
768,938.2268676757812,402.5230407714844,935.80712890625,656.75048828125,901.9876708984376,730.1542358398438,929.6952514648438,735.7890014648438,918.399658203125,770.28466796875
769,937.4967651367188,402.5230407714844,937.5386352539062,658.0914306640625,903.1448364257812,730.1542358398438,931.2634887695312,735.9061889648438,919.4851684570312,770.28466796875
770,937.3056640625,402.4105224609375,937.9679565429688,658.2783203125,903.2935791015624,730.1542358398438,931.4637451171876,735.9061889648438,919.79833984375,770.28466796875
771,936.296142578125,401.2130126953125,938.29052734375,658.3226928710938,903.3500366210938,728.9542846679688,931.650146484375,735.9061889648438,919.79833984375,769.0936279296875
772,936.135009765625,400.1300964355469,939.368896484375,658.4044189453125,904.51953125,728.4344482421875,932.2003784179688,735.654296875,919.7163696289062,768.40234375
773,936.0152587890624,400.0906372070313,940.6434326171876,658.4044189453125,905.5065307617188,728.393310546875,932.5569458007812,735.6324462890625,919.6023559570312,767.7426147460938
774,935.9864501953124,400.0123291015625,940.9031982421876,658.9963989257812,905.5065307617188,728.2449340820312,932.5569458007812,735.5379028320312,919.6023559570312,766.9369506835938
775,935.9864501953124,400.0123291015625,940.9252319335938,659.01904296875,905.5065307617188,728.0881958007812,932.5569458007812,734.9146118164062,919.1078491210938,766.4035034179688
776,936.135009765625,400.1300964355469,941.0733642578124,659.2031860351562,905.3578491210938,727.840087890625,932.0035400390624,734.4348754882812,918.7658081054688,765.8623046875
777,936.1950073242188,400.4329223632813,941.8424682617188,659.6536865234375,905.3578491210938,727.5637817382812,931.9443359375,733.9761352539062,918.5839233398438,765.6600341796875
778,936.767578125,400.7939758300781,942.47314453125,660.1498413085938,905.24072265625,727.095947265625,931.8299560546876,733.7418212890625,918.5767822265624,765.461181640625
779,936.7880249023438,400.8240661621094,942.966064453125,660.3958740234375,905.24072265625,726.7098999023438,931.6239013671876,733.41845703125,918.5659790039062,765.2476196289062
780,936.9988403320312,401.065185546875,943.3331909179688,660.9122924804688,905.3578491210938,726.5469360351562,931.2208862304688,733.228759765625,918.4754028320312,764.9025268554688
781,937.0499877929688,401.065185546875,943.6172485351562,661.0477905273438,905.4749145507812,725.7400512695312,931.2208862304688,732.7154541015625,918.1393432617188,764.2452392578125
782,937.4088134765624,401.065185546875,943.999755859375,661.6004028320312,906.1500854492188,724.3563232421875,931.2208862304688,732.2183837890625,917.948974609375,764.0247802734375
783,937.475341796875,401.065185546875,944.3054809570312,661.9500122070312,907.070068359375,723.0858764648438,931.8807983398438,731.0010986328125,917.948974609375,763.08837890625
784,937.8341064453124,401.0924377441406,944.999755859375,662.0155029296875,907.8761596679688,722.2715454101562,932.550537109375,729.665771484375,917.948974609375,761.7913818359375
785,937.8574829101562,401.2064514160156,946.5491333007812,662.203125,909.4188232421876,720.9951782226562,933.7119140625,727.8698120117188,918.63037109375,760.1903076171875
786,937.9912109375,401.0923461914063,947.1838989257812,662.9541015625,910.0775756835938,719.9417114257812,934.3628540039062,727.638427734375,919.0782470703124,758.8424072265625
787,938.0844116210938,401.0923461914063,947.650390625,663.1507568359375,911.1082153320312,719.16162109375,935.3923950195312,726.6312255859375,919.4265747070312,756.7901000976562
788,938.0844116210938,401.0923461914063,948.8228149414062,663.75732421875,912.3005981445312,717.607177734375,936.1820678710938,725.581787109375,919.5370483398438,754.659423828125
789,938.0844116210938,401.0652465820313,950.5037231445312,664.8010864257812,913.2378540039062,717.2942504882812,936.5223388671876,725.1011962890625,920.4596557617188,751.7863159179688
790,938.0844116210938,401.0298156738281,951.6729125976562,665.0407104492188,914.5536499023438,715.81640625,938.09765625,723.7352905273438,920.9239501953124,747.544921875
791,938.3413696289062,399.9566040039063,952.8915405273438,665.248046875,915.1891479492188,715.81640625,940.2915649414062,723.7352905273438,922.5341186523438,747.544921875
792,938.977294921875,399.4038696289063,952.8915405273438,666.2047119140625,915.1891479492188,715.81640625,942.4548950195312,723.7352905273438,925.6743774414062,747.544921875
793,939.0532836914062,399.4038696289063,952.8915405273438,669.034423828125,915.1891479492188,720.6153564453125,942.4548950195312,728.9915161132812,930.726318359375,748.4606323242188
794,939.0532836914062,399.4038696289063,952.2359008789062,673.4061889648438,915.1683349609376,728.62158203125,942.4548950195312,735.1630249023438,931.3141479492188,750.4336547851562
795,939.0532836914062,399.6980285644531,946.1832275390624,675.3880004882812,910.4152221679688,728.62158203125,941.1063842773438,737.5468139648438,932.4864501953124,751.9542846679688
796,938.546142578125,399.871826171875,946.1832275390624,675.8460083007812,910.4152221679688,728.630126953125,941.1063842773438,737.9801025390625,933.2203979492188,752.259033203125
797,938.546142578125,399.9720153808594,946.1832275390624,675.8460083007812,910.4152221679688,728.630126953125,941.1063842773438,737.9801025390625,933.2203979492188,752.30810546875
798,938.546142578125,399.871826171875,946.4199829101562,675.3880004882812,910.4273071289062,728.6114501953125,941.4917602539062,737.6671142578125,933.412109375,752.6320190429688
799,938.5738525390624,399.871826171875,947.1284790039062,674.4577026367188,910.9100341796876,728.4490356445312,942.3238525390624,737.5468139648438,933.61083984375,752.6320190429688
800,939.2002563476562,397.7810974121094,948.2332763671876,671.3502807617188,911.5541381835938,728.2625732421875,943.0442504882812,736.5556030273438,934.77099609375,752.6320190429688
801,939.27099609375,395.4244384765625,948.2446899414062,667.4473876953125,912.4425048828124,727.2499389648438,943.8344116210938,735.5791015625,934.9730834960938,752.6320190429688
802,939.3330078125,391.6458129882813,948.4136352539062,663.6753540039062,913.8733520507812,726.944580078125,943.8344116210938,734.196533203125,935.4406127929688,752.4043579101562
803,939.3330078125,390.0974426269531,948.5322875976562,661.1629028320312,914.1707153320312,726.944580078125,943.9485473632812,734.196533203125,935.5703125,752.12646484375
804,939.3330078125,389.957275390625,948.5322875976562,660.466796875,914.1873168945312,726.944580078125,943.9485473632812,734.196533203125,935.5703125,751.9015502929688
805,938.4909057617188,389.9190368652344,948.4160766601562,660.3742065429688,915.0199584960938,727.2587280273438,943.8344116210938,734.3871459960938,936.7684936523438,751.7769775390625
806,938.3829345703124,389.9024658203125,948.4160766601562,660.2284545898438,915.0199584960938,727.285400390625,943.57470703125,734.7615356445312,936.821044921875,751.7769775390625
807,938.3829345703124,389.9024658203125,948.1220703125,659.3482055664062,915.0199584960938,728.7720947265625,943.57470703125,735.3445434570312,936.821044921875,751.7769775390625
808,938.3829345703124,389.816162109375,947.8043212890624,659.043212890625,914.0462036132812,730.2975463867188,942.3985595703124,736.498779296875,936.821044921875,751.897705078125
809,938.6254272460938,388.7623596191406,947.5604248046876,658.0305786132812,914.036376953125,730.4039306640625,942.3599853515624,736.830078125,936.4689331054688,752.0407104492188
810,938.6254272460938,388.59033203125,947.5604248046876,657.9078979492188,913.28076171875,731.6920776367188,941.88671875,737.797119140625,936.4057006835938,752.165283203125
811,938.6254272460938,388.4897155761719,947.5604248046876,657.8093872070312,913.0794677734376,732.0701904296875,941.88671875,737.8195190429688,936.3982543945312,752.2078857421875
812,938.5862426757812,388.44140625,947.59375,657.6424560546875,913.0794677734376,732.3211059570312,941.88671875,738.0076904296875,936.331298828125,752.2078857421875
813,938.511962890625,388.44140625,947.7880249023438,657.5191650390625,913.1688232421876,732.476806640625,941.9183959960938,738.0881958007812,936.3741455078124,752.165283203125
814,938.3458251953124,388.44140625,947.916015625,657.4494018554688,913.1688232421876,732.476806640625,942.076416015625,738.0986938476562,936.3741455078124,752.0704345703125
815,938.3228759765624,388.6862487792969,948.5110473632812,657.5191650390625,913.3409423828124,732.4932861328125,942.0958862304688,738.1905517578125,936.331298828125,752.0704345703125
816,938.3142700195312,388.7239074707031,948.6865844726562,657.6424560546875,913.5840454101562,732.6529541015625,942.1669921875,738.3015747070312,936.3211669921876,752.0704345703125
817,938.0972900390624,388.8573303222656,948.9611206054688,657.875244140625,913.6488647460938,732.7565307617188,942.170654296875,738.3731689453125,936.3360595703124,752.2128295898438
818,937.463134765625,388.8573303222656,948.9960327148438,658.113525390625,913.6488647460938,732.7672119140625,942.170654296875,738.5906372070312,936.3211669921876,752.21826171875
819,937.381103515625,388.8573303222656,949.0443725585938,658.1175537109375,913.5840454101562,732.8155517578125,942.1669921875,738.6859741210938,936.3020629882812,752.3591918945312
820,937.3718872070312,388.860595703125,949.2828979492188,658.1785888671875,913.42724609375,733.5062255859375,942.1666259765624,738.9821166992188,936.2835693359376,752.3661499023438
821,937.1669921875,388.860595703125,949.2828979492188,658.567626953125,913.3057250976562,733.550537109375,942.0145263671876,738.9837646484375,936.1403198242188,752.3661499023438
822,936.8364868164062,389.8448791503906,949.2828979492188,658.6009521484375,913.25537109375,733.96044921875,941.892822265625,739.3220825195312,935.8689575195312,752.3775634765625
823,936.7886962890624,390.214111328125,949.2808227539062,658.9992065429688,913.0609741210938,734.0433959960938,941.5895385742188,739.5596923828125,935.7301635742188,752.5862426757812
824,936.1826171875,390.96966552734375,948.8678588867188,659.3218383789062,912.7420654296876,734.12548828125,941.4754638671876,739.5963745117188,935.71435546875,752.7913208007812
825,935.814453125,391.51849365234375,948.8491821289062,659.4664916992188,912.4674072265624,734.2412109375,941.3467407226562,739.7090454101562,935.6549072265624,752.7913208007812
826,935.8019409179688,391.9683532714844,948.0826416015624,659.6909790039062,911.9210815429688,734.5030517578125,941.1643676757812,739.7598266601562,935.4967041015624,752.7913208007812
827,935.5780639648438,392.6750183105469,947.099853515625,660.1499633789062,911.5596923828124,734.6162109375,941.0155029296876,739.8823852539062,935.4927978515624,752.7135620117188
828,935.3937377929688,393.4086608886719,946.240478515625,660.5670166015625,911.443115234375,734.8827514648438,940.2691650390624,740.4130859375,935.1114501953124,752.5341186523438
829,934.7669677734376,394.5799560546875,945.2283325195312,662.5302124023438,910.37646484375,735.118408203125,938.8712158203124,740.4165649414062,934.029296875,751.5712280273438
830,934.526611328125,394.9054260253906,943.956787109375,664.4791870117188,909.116943359375,735.5462646484375,936.4832153320312,740.4614868164062,933.15087890625,751.5712280273438
831,933.9801635742188,395.5439453125,942.5000610351562,664.68017578125,908.7127075195312,735.9741821289062,935.8824462890624,740.8429565429688,932.8012084960938,751.5712280273438
832,933.441650390625,396.0471496582031,941.8070068359376,665.1696166992188,908.6770629882812,736.4188232421875,935.87255859375,741.3523559570312,932.6961059570312,752.2044067382812
833,933.4025268554688,396.1131286621094,940.7529296875,665.6348876953125,908.6150512695312,736.5194091796875,935.4700927734376,741.3523559570312,932.422607421875,752.246826171875
834,933.3154907226562,396.2910461425781,939.4745483398438,666.691650390625,908.1035766601562,736.6289672851562,935.0447998046876,741.3523559570312,932.2637329101562,753.4086303710938
835,932.7012939453124,396.3286437988281,938.2335205078124,667.017822265625,906.7691650390624,736.6289672851562,934.59228515625,741.1689453125,932.2269897460938,753.4086303710938
836,930.7424926757812,396.4820861816406,937.4495849609376,667.2184448242188,906.2887573242188,736.6289672851562,934.5300903320312,740.765625,932.0739135742188,753.4086303710938
837,930.1141967773438,396.68499755859375,936.6813354492188,667.7279052734375,906.2297973632812,736.58935546875,934.4793090820312,740.631591796875,932.0532836914062,753.3767700195312
838,930.0068359375,396.7606201171875,936.4562377929688,667.7758178710938,906.0682983398438,736.5401000976562,934.0772094726562,740.5504150390625,932.021484375,753.3767700195312
839,930.0068359375,396.9637451171875,936.303955078125,668.0361328125,905.953125,736.4824829101562,934.0772094726562,740.4840087890625,932.021484375,753.3767700195312
840,929.9996337890624,397.02923583984375,935.8882446289062,668.6884155273438,905.7741088867188,736.4824829101562,934.0772094726562,740.419921875,932.021484375,753.3767700195312
841,929.9996337890624,397.02923583984375,935.5410766601562,668.6884155273438,905.7741088867188,736.5401000976562,934.0772094726562,740.3330688476562,932.06689453125,753.3767700195312
842,929.8865966796876,397.02923583984375,934.5931396484376,669.1702270507812,905.953125,736.5401000976562,934.2526245117188,739.936279296875,932.1922607421876,753.372802734375
843,929.0807495117188,395.9997863769531,932.9168090820312,669.1702270507812,905.953125,736.5610961914062,934.2526245117188,739.6508178710938,932.1922607421876,753.0745239257812
844,928.0719604492188,395.2662048339844,931.1520385742188,669.02392578125,905.982177734375,736.803955078125,934.2526245117188,739.5584716796875,932.1922607421876,752.9432373046875
845,927.5554809570312,394.5868225097656,929.604736328125,669.02392578125,906.008056640625,737.1077880859375,933.7804565429688,739.4917602539062,932.0030517578124,752.840087890625
846,927.159423828125,393.9136047363281,928.0730590820312,669.02392578125,906.0093994140624,737.59912109375,933.3412475585938,739.4542236328125,932.0030517578124,752.8057250976562
847,926.4144897460938,393.1845397949219,927.03076171875,668.6964111328125,905.982177734375,737.59912109375,933.3385009765624,739.2591552734375,932.0030517578124,752.7810668945312
848,926.04736328125,392.4463806152344,925.5911254882812,667.933349609375,905.982177734375,737.59912109375,933.25732421875,738.8045654296875,932.1347045898438,752.71044921875
849,925.7945556640624,391.9604797363281,923.15771484375,667.7484741210938,906.2050170898438,737.256591796875,933.25732421875,738.566650390625,932.423095703125,752.4745483398438
850,925.7945556640624,391.5185241699219,921.6671752929688,667.7484741210938,906.3333740234376,737.256591796875,933.25732421875,737.9896850585938,932.54541015625,752.3677978515625
851,925.7686157226562,391.5185241699219,919.7368774414062,667.7484741210938,906.4844970703124,737.256591796875,933.7650146484376,737.9896850585938,933.5611572265624,752.3677978515625
852,925.6078491210938,391.5185241699219,919.7368774414062,668.260986328125,907.255615234375,737.4287109375,934.83154296875,737.9896850585938,934.6726684570312,752.3677978515625
853,925.7686157226562,392.50048828125,919.7368774414062,668.7554321289062,907.7957763671876,738.5875244140625,935.968017578125,739.1331787109375,935.3646850585938,752.734619140625
854,925.803955078125,393.4960021972656,920.6486206054688,669.7074584960938,908.95654296875,739.4681396484375,939.026611328125,740.0563354492188,937.973388671875,753.1536254882812
855,925.9157104492188,394.4816284179688,922.0115356445312,670.7459716796875,909.7605590820312,740.2534790039062,939.7789306640624,740.7919921875,939.4695434570312,753.1536254882812
856,926.8402709960938,394.6445007324219,923.5090942382812,670.876953125,910.053466796875,740.4265747070312,939.8345336914062,741.48193359375,939.6134033203124,753.1536254882812
857,926.8402709960938,394.95941162109375,924.8436889648438,670.96484375,910.4581909179688,740.4548950195312,940.0780639648438,741.764404296875,940.0120239257812,753.7891235351562
858,926.8402709960938,395.1749572753906,926.05517578125,670.96484375,911.21044921875,740.493896484375,940.1161499023438,741.8441772460938,940.0120239257812,753.8894653320312
859,926.2613525390624,395.1749572753906,928.25439453125,671.1629028320312,912.7787475585938,742.3056030273438,941.1813354492188,744.0341796875,940.1823120117188,753.8894653320312
860,926.2613525390624,395.8545227050781,931.106201171875,671.1370849609375,913.6677856445312,742.7682495117188,942.0018920898438,745.344482421875,940.0120239257812,754.0394287109375
861,926.2613525390624,396.1113586425781,935.6970825195312,671.1629028320312,913.9503784179688,743.4024047851562,942.4519653320312,745.661865234375,940.0120239257812,754.0455322265625
862,927.6950073242188,398.252685546875,940.6795043945312,671.3215942382812,914.5547485351562,743.6165771484375,943.3192749023438,746.9105834960938,940.3670043945312,754.4549560546875
863,929.7684936523438,400.6092224121094,944.5517578125,673.3106079101562,916.43310546875,743.6165771484375,943.5352172851562,746.9105834960938,940.5845336914062,754.6519165039062
864,931.094482421875,400.6092224121094,947.8245239257812,673.3106079101562,918.3009643554688,743.6165771484375,945.6943969726562,746.9105834960938,943.0813598632812,754.7164916992188
865,931.7637329101562,400.6092224121094,950.6998291015624,673.3106079101562,918.7761840820312,742.99365234375,947.46337890625,746.8231201171875,943.7877807617188,754.7164916992188
866,931.7637329101562,400.7635192871094,950.7848510742188,672.53564453125,918.7761840820312,741.7348022460938,947.46337890625,746.0223999023438,943.9904174804688,754.4549560546875
867,931.7637329101562,400.7635192871094,950.7848510742188,672.53564453125,918.7761840820312,741.192138671875,947.46337890625,745.1858520507812,944.181640625,753.4338989257812
868,930.700439453125,400.8624877929688,950.8388671875,672.53564453125,918.3190307617188,741.1127319335938,947.2127685546876,745.0964965820312,944.181640625,753.4338989257812
869,930.2891845703124,400.8624877929688,950.8388671875,672.737060546875,918.2650146484376,741.0170288085938,947.1797485351562,744.9671020507812,944.181640625,753.4219360351562
870,930.2891845703124,400.8624877929688,950.818359375,672.8820190429688,918.0985107421876,741.0584716796875,946.8179931640624,744.9671020507812,944.181640625,753.4338989257812
871,930.1791381835938,400.6142578125,950.818359375,672.8820190429688,918.0693359375,741.0584716796875,946.781982421875,744.9348754882812,944.181640625,753.4434204101562
872,930.1791381835938,400.6142578125,950.818359375,672.9465942382812,917.9725952148438,741.0584716796875,946.6039428710938,744.9348754882812,944.0391845703124,754.1769409179688
873,930.1791381835938,400.6142578125,950.6357421875,673.0084838867188,917.8841552734376,741.0584716796875,946.5604248046876,745.003662109375,944.0131225585938,754.258544921875
874,929.7882690429688,401.2079162597656,949.8297119140624,673.0252685546875,917.4544677734376,741.3815307617188,946.0545654296876,745.003662109375,943.8658447265624,754.258544921875
875,929.7183227539062,401.2079162597656,948.8436279296876,673.4603271484375,916.9791259765624,741.515625,945.2018432617188,744.9260864257812,942.8509521484376,754.258544921875
876,928.9066772460938,401.2079162597656,947.9917602539062,673.4603271484375,916.3946533203124,741.53271484375,944.8833618164062,745.2733154296875,942.7232666015624,754.147705078125
877,928.0494384765624,400.9670104980469,947.5116577148438,673.4603271484375,916.3946533203124,741.7556762695312,944.8833618164062,745.2733154296875,942.7232666015624,754.147705078125
878,928.0494384765624,400.3927307128906,947.5116577148438,673.4196166992188,916.3946533203124,742.3875732421875,944.8833618164062,745.3114624023438,942.7232666015624,754.147705078125
879,928.0494384765624,400.2370910644531,947.5116577148438,673.1793212890625,916.6298828125,742.5079345703125,944.8833618164062,745.6360473632812,942.845947265625,754.228271484375
880,928.1278076171876,400.1958923339844,947.543212890625,672.5560302734375,916.6953735351562,742.6483764648438,944.8833618164062,746.2422485351562,942.891845703125,754.3096923828125
881,928.7177124023438,399.3085632324219,947.6124267578124,672.2973022460938,916.7071533203124,742.6483764648438,944.8925170898438,746.2422485351562,942.906005859375,754.3096923828125
882,928.73193359375,399.2490234375,947.846923828125,671.5860595703125,916.7135009765624,742.6483764648438,944.896728515625,746.2422485351562,942.9097290039062,754.3096923828125
883,928.73193359375,399.1969909667969,948.11962890625,671.4579467773438,916.9559326171876,742.27734375,944.896728515625,746.0099487304688,942.9097290039062,754.23095703125
884,928.8096313476562,398.1453247070313,948.11962890625,670.69873046875,916.9559326171876,742.1567993164062,944.896728515625,745.9558715820312,942.9097290039062,754.1994018554688
885,928.8096313476562,397.4811096191406,948.11962890625,669.6458740234375,916.9805908203124,742.067138671875,944.896728515625,745.909912109375,942.8125610351562,754.1857299804688
886,928.8096313476562,396.6820373535156,947.73388671875,668.943115234375,916.9982299804688,741.8490600585938,944.7692260742188,745.7330322265625,942.2103881835938,754.1298828125
887,928.8096313476562,396.6385498046875,947.574462890625,668.5333862304688,916.9805908203124,741.7230834960938,944.5919799804688,745.6608276367188,942.0363159179688,753.9800415039062
888,928.8096313476562,396.2066040039063,947.2376708984376,668.100830078125,916.9796142578124,741.5704956054688,944.5612182617188,745.5819702148438,941.9146118164062,753.84423828125
889,928.8831787109376,395.8634643554688,947.173583984375,667.9779663085938,916.9805908203124,741.5704956054688,944.372802734375,745.3694458007812,941.7185668945312,753.7982788085938
890,928.8831787109376,395.8634643554688,947.173583984375,667.9779663085938,917.0034790039062,741.5689086914062,944.372802734375,745.3601684570312,941.7185668945312,753.7755737304688
891,928.9976196289062,395.8634643554688,947.173583984375,667.9779663085938,917.0034790039062,741.5689086914062,944.32958984375,745.304931640625,941.6619873046876,753.760009765625
892,929.09375,396.2759704589844,947.2568969726562,668.1906127929688,917.017822265625,741.5689086914062,944.372802734375,745.2637939453125,941.6619873046876,753.6806030273438
893,929.3970947265624,396.7654724121094,947.319091796875,668.4556884765625,917.0322265625,741.5689086914062,944.3833618164062,745.2637939453125,941.7185668945312,753.6038208007812
894,929.4182739257812,396.8901672363281,947.4271240234376,669.2725219726562,917.1884765625,741.5689086914062,944.6759643554688,745.2637939453125,941.72021484375,753.6038208007812
895,930.23046875,398.75439453125,947.9625854492188,670.8479614257812,917.2865600585938,741.8975830078125,944.9521484375,745.2966918945312,942.2448120117188,753.6038208007812
896,931.1936645507812,400.5994567871094,948.6950073242188,674.0303955078125,917.4566040039062,742.5003051757812,945.3676147460938,745.8097534179688,942.5974731445312,753.610595703125
897,931.839599609375,401.7135925292969,949.3683471679688,675.6010131835938,917.8872680664062,743.0996704101562,945.8866577148438,745.91796875,942.8539428710938,753.7286987304688
898,931.839599609375,401.7268371582031,949.3683471679688,676.0285034179688,917.8872680664062,743.1576538085938,945.9678344726562,745.9259643554688,942.8539428710938,753.81640625
899,931.839599609375,401.8359375,949.3683471679688,676.3082885742188,917.8872680664062,743.1820068359375,945.9678344726562,745.9259643554688,942.8539428710938,753.7832641601562
900,931.4445190429688,402.10540771484375,949.015869140625,676.7391967773438,917.7661743164062,743.1820068359375,945.8866577148438,746.054443359375,942.8405151367188,753.7832641601562
901,930.9378662109376,402.9498596191406,949.013671875,677.7388916015625,917.3817749023438,743.7398071289062,945.1162719726562,746.2664794921875,941.7979736328124,753.81640625
902,930.8812255859376,403.1446838378906,949.013671875,677.7388916015625,917.2440185546876,743.7398071289062,944.5467529296876,746.2843627929688,941.470458984375,753.7832641601562
903,930.8812255859376,403.554443359375,949.015869140625,678.0263061523438,916.8173828125,743.7398071289062,944.371337890625,746.2664794921875,941.470458984375,753.7832641601562
904,930.8812255859376,403.7547912597656,949.1873779296876,678.1200561523438,916.2626953125,743.0511474609375,944.2073364257812,746.1937255859375,941.470458984375,753.9664306640625
905,930.900146484375,404.467041015625,950.073974609375,678.4967651367188,915.7128295898438,742.7919921875,944.1819458007812,746.1937255859375,941.470458984375,753.9664306640625
906,930.900146484375,404.467041015625,950.073974609375,678.61474609375,915.131103515625,742.2102661132812,944.1792602539062,746.0319213867188,941.3175048828124,753.8311767578125
907,930.900146484375,404.467041015625,950.073974609375,678.61474609375,914.7503051757812,741.0017700195312,944.0187377929688,745.6602783203125,941.3175048828124,753.8311767578125
908,930.8963012695312,404.3137512207031,949.9151611328124,678.6939086914062,914.7112426757812,740.9703979492188,943.6524658203124,745.613525390625,940.9086303710938,753.7521362304688
909,930.76806640625,404.2840270996094,949.5712890625,678.7529907226562,914.2273559570312,740.7842407226562,943.2277221679688,745.4356079101562,940.0306396484376,753.746826171875
910,930.4021606445312,404.2840270996094,949.4365234375,678.8043823242188,913.6231079101562,740.7536010742188,943.104736328125,745.364501953125,939.1152954101562,753.746826171875
911,930.4021606445312,404.2840270996094,949.3453979492188,678.8043823242188,913.6231079101562,740.5017700195312,943.0957641601562,745.1990966796875,938.9789428710938,753.6905517578125
912,930.4021606445312,404.7371215820313,949.2887573242188,678.8043823242188,913.6231079101562,740.1882934570312,943.0957641601562,745.0936279296875,938.94287109375,753.746826171875
913,930.9224853515624,404.7371215820313,949.2396850585938,678.7323608398438,913.886962890625,740.0009155273438,943.0753173828124,745.06640625,938.6287231445312,753.8059692382812
914,931.1611938476562,404.7371215820313,948.7216186523438,677.9483642578125,913.886962890625,739.847900390625,942.8001708984376,745.06640625,938.0625610351562,753.8284301757812
915,932.2452392578124,404.3113098144531,947.4603271484376,677.4495849609375,913.886962890625,739.6334838867188,942.593994140625,745.0936279296875,937.3820190429688,753.8377075195312
916,932.8995361328124,403.5977783203125,946.3558959960938,677.3923950195312,912.8843994140624,739.3003540039062,941.6633911132812,745.0936279296875,936.10302734375,753.9471435546875
917,933.3533325195312,403.1455383300781,945.2599487304688,677.30224609375,912.2717895507812,739.23193359375,940.9312133789062,744.982177734375,934.525634765625,753.9471435546875
918,933.98876953125,402.3031311035156,944.98193359375,677.3923950195312,911.2943725585938,739.224609375,940.7579956054688,744.982177734375,934.1282958984376,753.8377075195312
919,934.4952392578124,402.1028442382813,943.8783569335938,677.4495849609375,910.1884155273438,737.1070556640625,940.072998046875,742.9529418945312,933.2960815429688,752.585205078125
920,934.6561279296876,402.1028442382813,943.2755126953124,677.6262817382812,909.1159057617188,734.7971801757812,938.814208984375,741.5926513671875,931.6363525390624,752.2089233398438
921,934.6561279296876,402.1028442382813,942.4201049804688,678.0570068359375,908.7798461914062,732.259765625,938.2495727539062,740.6300659179688,930.47265625,751.7259521484375
922,934.6561279296876,402.1099548339844,941.6864624023438,678.2808837890625,907.5300903320312,729.7318115234375,936.5983276367188,738.1218872070312,928.64697265625,749.5040893554688
923,934.3087158203124,402.2452697753906,940.6138916015624,678.2808837890625,907.4409790039062,724.8909912109375,933.7879638671876,733.9747924804688,925.6758422851562,745.3385009765625
924,934.2553100585938,402.2452697753906,940.6138916015624,678.2808837890625,906.6692504882812,720.5487060546875,932.1226806640624,729.3388061523438,924.6397094726562,740.1173706054688
925,934.2553100585938,402.2452697753906,940.5508422851562,677.3291625976562,905.06298828125,716.0172119140625,931.728759765625,724.2030639648438,923.1978149414062,733.9508666992188
926,934.3087158203124,402.0117492675781,940.0123291015624,675.5724487304688,905.0455932617188,710.799560546875,930.925048828125,717.54541015625,920.2806396484376,725.4664306640625
927,933.8684692382812,401.5956115722656,938.7101440429688,673.8077392578125,900.69970703125,703.87255859375,926.2725219726562,709.2499389648438,912.2654418945312,715.0709838867188
928,933.8684692382812,399.791015625,931.4555053710938,670.1492309570312,,,919.9924926757812,700.74951171875,907.7115478515624,706.3335571289062
929,933.5892944335938,398.4782104492188,924.4599609375,665.353515625,,,912.440673828125,692.336669921875,897.8170776367188,696.7591552734375
930,932.0687255859376,397.6864318847656,916.7275390625,659.6287231445312,,,904.126953125,686.42578125,888.801513671875,689.9483642578125
931,932.0150756835938,397.0639953613281,909.1963500976562,655.2132568359375,,,895.4197998046875,680.644287109375,877.6398315429688,682.7349243164062
932,932.0150756835938,397.0639953613281,904.2447509765624,654.9298095703125,,,889.8209228515625,680.644287109375,874.00146484375,682.7349243164062
933,932.0150756835938,397.0639953613281,900.2433471679688,653.7109375,,,885.0921630859375,680.644287109375,870.4788208007812,682.7349243164062
934,933.0950317382812,398.1394958496094,900.2433471679688,653.7109375,,,884.8449096679688,680.8753662109375,870.4788208007812,685.0193481445312
935,933.2044677734376,400.05322265625,900.2433471679688,653.5377807617188,,,884.8449096679688,683.67138671875,870.4788208007812,688.5081176757812
936,934.1388549804688,401.0460510253906,900.3370971679688,653.5377807617188,,,884.8449096679688,683.67138671875,871.2084350585938,688.5081176757812
937,934.6071166992188,401.9399719238281,902.1190795898438,651.2257080078125,,,885.564208984375,683.67138671875,874.7305908203125,688.5081176757812
938,934.6926879882812,402.0125122070313,902.1190795898438,647.6116333007812,861.2382202148438,676.95263671875,885.564208984375,681.2468872070312,874.7305908203125,687.7057495117188
939,934.8492431640624,402.0125122070313,902.1190795898438,643.2191162109375,,,885.564208984375,675.7978515625,874.7305908203125,682.8187866210938
940,934.934814453125,402.0125122070313,901.6575927734376,634.8391723632812,,,884.3759765625,665.3745727539062,873.5480346679688,672.4891357421875
941,934.934814453125,401.91802978515625,900.1076049804688,628.8865966796875,,,879.040283203125,653.3530883789062,861.09423828125,657.7550659179688
942,934.934814453125,401.8578796386719,898.533203125,618.8746337890625,,,877.4078979492188,640.9454345703125,859.4805297851562,642.8637084960938
943,934.6343994140624,401.1001586914063,896.628662109375,609.6943359375,,,875.773193359375,626.0250854492188,858.1556396484375,627.7987060546875
944,934.5072631835938,400.4178161621094,895.86767578125,598.301513671875,,,875.773193359375,612.4852905273438,858.1556396484375,612.1826171875
945,934.2338256835938,399.57318115234375,895.5548095703125,586.7738647460938,,,877.4078979492188,598.3667602539062,859.4805297851562,596.1943969726562
946,934.2338256835938,398.8913269042969,895.5548095703125,577.8151245117188,,,878.0392456054688,587.3114013671875,861.5906982421875,586.0946044921875
947,934.243408203125,398.8351135253906,895.44970703125,574.2388305664062,,,880.9777221679688,583.6492919921875,867.1327514648438,584.8446044921875
948,934.243408203125,398.8351135253906,895.44970703125,574.2388305664062,,,880.9777221679688,583.6492919921875,867.1327514648438,584.8446044921875
949,935.0341186523438,398.8351135253906,895.44970703125,574.2388305664062,,,881.1353149414062,583.6492919921875,867.1327514648438,584.8446044921875
950,935.210205078125,399.24407958984375,894.6680908203125,575.1443481445312,,,881.1353149414062,587.4061889648438,866.9278564453125,588.1484985351562
951,935.3468017578124,400.3121948242188,894.6680908203125,579.207275390625,,,880.887939453125,591.7845458984375,866.1676635742188,593.9140625
952,935.210205078125,400.3121948242188,894.6680908203125,581.2471313476562,,,880.5059204101562,593.6603393554688,866.1676635742188,596.8773193359375
953,935.210205078125,400.3121948242188,894.6952514648438,581.3738403320312,,,880.5059204101562,593.7443237304688,866.1676635742188,596.9878540039062
954,935.2053833007812,400.21392822265625,895.000244140625,581.6998901367188,,,880.5059204101562,593.8516235351562,866.3446044921875,597.0505981445312
955,935.1328125,400.21392822265625,895.1688232421875,581.902099609375,,,881.9791259765625,594.0426025390625,867.9215698242188,597.1869506835938
956,934.8396606445312,400.21392822265625,895.8938598632812,582.59521484375,,,882.3006591796875,595.2083740234375,869.482177734375,599.3373413085938
957,934.8240356445312,401.0169067382813,895.8938598632812,584.01953125,,,882.3006591796875,600.0645141601562,870.6117553710938,606.0599975585938
958,934.2966918945312,401.3464660644531,895.8938598632812,587.3812255859375,,,882.3006591796875,605.7437744140625,870.8829956054688,609.7305297851562
959,933.7392578125,401.8515319824219,895.4925537109375,590.9602661132812,,,883.3701782226562,611.3031616210938,871.9990234375,614.8252563476562
960,933.52783203125,401.8515319824219,895.130615234375,593.3771362304688,,,883.3701782226562,613.7592163085938,871.9990234375,617.2039794921875
961,933.52783203125,401.9422607421875,894.3755493164062,593.6859741210938,,,883.8963012695312,615.4461669921875,875.3036499023438,620.7405395507812
962,933.3846435546876,402.086669921875,894.3755493164062,595.4461059570312,,,,,881.2789916992188,626.3713989257812
963,933.3846435546876,402.086669921875,894.3755493164062,598.266845703125,869.3135375976562,628.9031982421875,894.7327270507812,628.1161499023438,884.4772338867188,637.0453491210938
964,933.3846435546876,402.5866088867188,894.7402954101562,604.7435302734375,866.7574462890625,641.6747436523438,898.0504150390625,639.7946166992188,889.5759887695312,650.3984985351562
965,933.2540893554688,404.1018676757813,896.3261108398438,611.841796875,866.445068359375,651.3064575195312,898.0504150390625,649.749755859375,889.5759887695312,663.87451171875
966,933.2540893554688,404.1018676757813,896.3261108398438,611.841796875,866.445068359375,651.3064575195312,898.0504150390625,649.749755859375,889.5759887695312,664.12109375
967,933.2540893554688,404.1018676757813,896.3261108398438,611.841796875,861.2384033203125,651.3064575195312,893.6716918945312,649.749755859375,883.5523681640625,664.12109375
968,933.4652709960938,403.889404296875,894.3607788085938,610.7762451171875,854.9741821289062,647.658447265625,887.2969360351562,648.7755126953125,876.2318115234375,664.12109375
969,933.5158081054688,403.7484436035156,892.6582641601562,607.4660034179688,852.1852416992188,639.2813110351562,883.2152099609375,641.126220703125,871.1385498046875,656.2969360351562
970,933.7828979492188,403.7484436035156,892.6582641601562,607.4660034179688,852.1852416992188,639.2813110351562,883.2152099609375,641.126220703125,871.1385498046875,656.2969360351562
971,933.7828979492188,403.7484436035156,892.6582641601562,607.4660034179688,852.1852416992188,639.2813110351562,883.2152099609375,641.126220703125,871.1385498046875,656.2969360351562
972,933.7828979492188,404.0243835449219,894.3701171875,609.5196533203125,854.7254028320312,643.2420043945312,886.2257080078125,647.0408935546875,875.0116577148438,662.4868774414062
973,933.6384887695312,404.1409606933594,894.6202392578125,614.7225952148438,856.2631225585938,650.5863647460938,889.5928955078125,652.5115966796875,875.1322021484375,670.1048583984375
974,933.6259155273438,404.1409606933594,894.6202392578125,614.7225952148438,856.2719116210938,650.8876342773438,889.948486328125,653.0369262695312,876.2255249023438,670.6459350585938
975,933.413818359375,404.1409606933594,894.6202392578125,614.7225952148438,856.2841186523438,650.8876342773438,889.978271484375,653.239990234375,877.4857788085938,670.6459350585938
976,933.35205078125,403.9597473144531,893.6841430664062,613.372802734375,856.3296508789062,653.185791015625,890.336669921875,655.6436157226562,877.83447265625,671.8211059570312
977,932.92822265625,403.9597473144531,892.939208984375,613.372802734375,856.64697265625,653.185791015625,891.4379272460938,655.6436157226562,878.8412475585938,671.8211059570312
978,932.6094970703124,403.9597473144531,892.939208984375,613.372802734375,856.7510986328125,653.4132080078125,892.81494140625,655.6436157226562,881.2006225585938,671.8211059570312
979,932.0558471679688,404.1500854492188,892.939208984375,614.1581420898438,861.4989013671875,659.8724365234375,895.7904052734375,659.4663696289062,886.203369140625,676.0056762695312
980,931.8211669921876,404.33148193359375,893.6951904296875,619.2625732421875,868.2122192382812,667.9906005859375,902.6884765625,665.3121948242188,894.886962890625,681.1761474609375
981,931.6306762695312,404.5504150390625,894.5846557617188,622.3192138671875,875.2077026367188,676.4008178710938,911.212158203125,673.29931640625,904.2821655273438,688.4403076171875
982,931.5513916015624,404.5504150390625,896.6730346679688,626.6031494140625,885.6359252929688,684.7769165039062,916.926025390625,677.314208984375,914.2582397460938,697.3405151367188
983,931.253173828125,404.5504150390625,900.1688232421875,631.3037109375,894.8262329101562,693.653564453125,927.140625,682.3573608398438,924.11669921875,704.6622924804688
984,930.892333984375,403.8784484863281,903.6971435546876,636.187744140625,903.950927734375,706.1041259765625,934.3991088867188,689.971923828125,934.7142944335938,714.0926513671875
985,929.7957763671876,403.8784484863281,906.924072265625,646.3648681640625,916.8070678710938,720.2105102539062,944.1078491210938,700.209716796875,947.177978515625,726.7725219726562
986,929.082275390625,403.8285827636719,910.92626953125,653.9847412109375,928.8985595703124,737.4281005859375,953.93310546875,714.09814453125,959.6482543945312,742.4703369140625
987,928.0865478515624,402.748046875,910.9823608398438,653.9847412109375,934.1557006835938,737.4281005859375,957.2987670898438,714.09814453125,966.4016723632812,742.4703369140625
988,928.04150390625,402.39154052734375,911.3533325195312,653.9847412109375,935.4237670898438,737.4281005859375,958.064697265625,714.09814453125,967.1556396484376,742.4703369140625
989,926.6568603515624,397.02154541015625,913.8706665039062,652.4185791015625,936.553955078125,736.0739135742188,958.4020385742188,714.09814453125,967.1710205078124,742.4703369140625
990,926.6568603515624,397.02154541015625,914.0173950195312,652.4185791015625,936.8306274414062,736.0739135742188,958.9340209960938,714.09814453125,967.2018432617188,742.4703369140625
991,926.6568603515624,396.3527526855469,916.1422119140624,651.3367309570312,939.7391967773438,735.07958984375,961.5772705078124,714.7022094726562,969.2698364257812,744.9808349609375
992,927.0297241210938,395.8485107421875,917.5288696289062,651.3367309570312,940.8509521484376,735.07958984375,963.6913452148438,714.7022094726562,971.5453491210938,745.3114013671875
993,927.7779541015624,395.8485107421875,918.8621826171876,651.937744140625,940.9373168945312,735.07958984375,963.9295043945312,714.7022094726562,971.5453491210938,745.6753540039062
994,927.7779541015624,393.4413757324219,920.3069458007812,651.937744140625,940.9373168945312,733.1770629882812,963.9295043945312,714.70263671875,971.5453491210938,746.4684448242188
995,927.7779541015624,393.4413757324219,921.8975219726562,651.937744140625,940.9373168945312,733.0053100585938,963.9295043945312,714.70263671875,970.9192504882812,746.4684448242188
996,927.7960205078124,393.4413757324219,924.1744384765624,653.8677368164062,938.4761962890624,731.9352416992188,962.0001831054688,715.7128295898438,966.7741088867188,747.3756103515625
997,927.7960205078124,394.2913513183594,930.366943359375,654.7334594726562,933.4910278320312,730.9154663085938,959.5210571289062,717.4144897460938,961.1972045898438,747.3756103515625
998,929.0167236328124,396.8382568359375,936.109375,657.993896484375,924.9012451171876,729.0802612304688,952.2645263671876,722.3836059570312,949.6184692382812,747.3756103515625
999,931.6159057617188,396.8382568359375,936.109375,661.4319458007812,913.9812622070312,727.4437255859375,943.3216552734376,724.2448120117188,936.0155639648438,744.3853149414062
1000,931.6159057617188,396.8382568359375,936.109375,664.3167114257812,904.9999389648438,724.6158447265625,936.7249755859376,726.2089233398438,925.9781494140624,739.6934814453125
1001,931.6159057617188,395.4424133300781,933.0489501953124,664.6397705078125,899.3568725585938,722.8128662109375,928.99365234375,726.2089233398438,918.8629760742188,737.9949340820312
1002,930.1834716796876,394.080078125,928.6726684570312,665.2222290039062,893.3273315429688,722.0394897460938,924.8157958984376,726.2089233398438,914.7933959960938,737.9082641601562
1003,929.3895874023438,393.1816101074219,928.6726684570312,665.3994140625,893.3273315429688,721.6409301757812,924.8157958984376,725.1674194335938,914.7933959960938,737.03125
1004,929.3895874023438,393.1816101074219,928.6726684570312,666.0508422851562,893.3273315429688,721.33740234375,924.8157958984376,725.1674194335938,914.7933959960938,737.03125
1005,929.3895874023438,393.1816101074219,929.9627075195312,666.18359375,893.601806640625,721.33740234375,925.3259887695312,725.1674194335938,915.121826171875,737.03125
1006,930.9231567382812,395.2057800292969,930.549560546875,667.662841796875,894.173828125,721.33740234375,926.3838500976562,725.9818115234375,916.8445434570312,738.59375
1007,932.0504150390624,395.5229187011719,931.2308959960938,668.5872802734375,895.8621826171875,721.007568359375,928.3425903320312,728.147216796875,919.25341796875,740.400390625
1008,932.0504150390624,396.0286865234375,931.8267822265624,668.670166015625,897.4835205078125,721.05615234375,929.4659423828124,728.2353515625,920.3462524414062,741.2520141601562
1009,932.0504150390624,396.1758117675781,932.3078002929688,669.3284912109375,898.4009399414062,721.05615234375,930.5887451171876,728.338134765625,922.4075317382812,741.25634765625
1010,931.3723754882812,396.8099060058594,933.2821044921876,670.4240112304688,899.73388671875,721.05615234375,932.240478515625,728.9656982421875,923.3993530273438,741.8895874023438
1011,931.0294189453124,397.278564453125,934.1344604492188,671.408447265625,901.9270629882812,721.05615234375,933.9650268554688,728.9656982421875,926.2117309570312,743.4801025390625
1012,930.9765014648438,398.2545166015625,935.3851928710938,672.4208374023438,903.5845336914062,722.1007690429688,935.6461181640624,730.789306640625,928.2981567382812,746.2173461914062
1013,930.8958740234376,399.4870910644531,935.6342163085938,673.539306640625,905.6234130859376,724.0108032226562,936.9149780273438,733.9481201171875,930.0086669921876,748.3388061523438
1014,930.8958740234376,399.4870910644531,935.7284545898438,673.7182006835938,907.0200805664062,724.9437255859375,937.7568969726562,734.86767578125,931.2327270507812,749.4224853515625
1015,930.9114379882812,399.66253662109375,935.9468994140624,673.8738403320312,907.0245361328124,724.9744873046875,937.8327026367188,735.0385131835938,931.3007202148438,749.4451904296875
1016,930.9114379882812,399.7065124511719,935.9763793945312,673.892822265625,907.2937622070312,725.0264892578125,938.2069702148438,735.1514892578125,931.3007202148438,749.8658447265625
1017,930.9114379882812,399.66253662109375,935.9763793945312,673.892822265625,907.3118896484376,725.8748168945312,938.2069702148438,735.27734375,931.3648071289062,749.8658447265625
1018,930.9114379882812,399.4148559570313,935.9763793945312,673.8657836914062,907.3402099609376,727.0709838867188,938.2069702148438,735.6693725585938,931.3648071289062,749.8658447265625
1019,930.7103271484376,399.16693115234375,935.9699096679688,673.8657836914062,908.174072265625,728.57666015625,938.2069702148438,735.7106323242188,931.3648071289062,749.366943359375
1020,930.705322265625,398.7562255859375,935.9699096679688,673.775390625,908.4767456054688,728.9362182617188,938.2069702148438,735.7106323242188,931.3648071289062,749.3565063476562
1021,930.705322265625,398.139892578125,935.9699096679688,673.3207397460938,909.7264404296876,729.8414916992188,939.8555297851562,735.7106323242188,933.018310546875,749.2890625
1022,930.705322265625,397.7580871582031,937.2037963867188,673.2853393554688,912.2687377929688,730.1582641601562,943.2704467773438,733.9764404296875,938.7806396484376,748.0291748046875
1023,930.7836303710938,397.71429443359375,939.43798828125,672.8505859375,916.2974853515624,730.1582641601562,946.3741455078124,733.715576171875,943.5017700195312,747.9931030273438
1024,930.7836303710938,397.6812744140625,939.6049194335938,672.4208374023438,916.4180908203124,730.1582641601562,946.3741455078124,733.510498046875,943.5017700195312,747.5697631835938
1025,930.7836303710938,397.2106323242188,939.7274780273438,672.222412109375,916.4180908203124,729.5512084960938,946.3741455078124,732.6768798828125,943.5017700195312,747.2003173828125
1026,930.540283203125,396.0238037109375,939.76123046875,672.0305786132812,916.2974853515624,728.4334106445312,945.9420166015624,731.1466064453125,943.3803100585938,746.3143310546875
1027,930.2969360351562,395.0204772949219,939.76123046875,671.1512451171875,915.6856689453124,727.7308349609375,945.0476684570312,729.7713623046875,941.9774169921876,744.6900634765625
1028,930.2969360351562,394.5235290527344,939.8864135742188,669.4364013671875,915.307373046875,726.1161499023438,944.5435180664062,727.6611938476562,939.5505981445312,742.8709106445312
1029,930.2969360351562,394.00775146484375,939.991455078125,668.0177612304688,915.307373046875,724.46728515625,944.5435180664062,725.9118041992188,939.5505981445312,741.1616821289062
1030,930.5950927734376,393.11810302734375,940.9953002929688,667.8411865234375,915.307373046875,722.5985107421875,944.5435180664062,724.359619140625,939.5505981445312,739.4569702148438
1031,930.997802734375,392.3112487792969,941.069091796875,666.4981689453125,915.9950561523438,721.9881591796875,944.6176147460938,723.5399780273438,939.6864624023438,738.2484741210938
1032,931.510009765625,392.0686340332031,941.19189453125,666.4752197265625,915.9950561523438,721.8766479492188,944.913818359375,723.4259033203125,939.8990478515624,738.2479858398438
1033,931.510009765625,391.7342224121094,941.2586669921876,666.2127075195312,916.0144653320312,721.6751098632812,944.93408203125,723.2649536132812,940.1722412109376,738.110107421875
1034,931.510009765625,391.6826171875,941.3195190429688,666.2127075195312,916.2127075195312,721.6751098632812,944.9600219726562,723.2649536132812,940.30615234375,738.1055908203125
1035,931.5077514648438,391.6826171875,941.3195190429688,666.2127075195312,916.4436645507812,721.8253173828125,945.6171264648438,723.3631591796875,941.0448608398438,738.110107421875
1036,931.5077514648438,391.6826171875,941.5225830078124,666.3040771484375,917.5230712890624,721.8253173828125,946.8948364257812,723.3631591796875,942.9695434570312,738.110107421875
1037,931.5077514648438,391.9331970214844,941.7098999023438,666.9224243164062,918.4411010742188,723.2442626953125,948.9839477539062,724.7095336914062,945.8634033203124,739.4312133789062
1038,931.61328125,392.1265869140625,941.7098999023438,668.1063842773438,918.5587158203124,727.2365112304688,949.7658081054688,727.0889282226562,946.7208251953124,742.390625
1039,932.2472534179688,393.1260070800781,941.7098999023438,669.1979370117188,919.5052490234376,730.51220703125,950.4525756835938,731.2490844726562,947.9231567382812,747.6487426757812
1040,933.0633544921876,394.7857666015625,941.2527465820312,670.7545166015625,919.5052490234376,734.2283325195312,950.4525756835938,736.4570922851562,947.9231567382812,751.5491943359375
1041,933.887451171875,396.1903381347656,940.6626586914062,671.3795166015625,919.5052490234376,736.70068359375,950.4525756835938,738.27490234375,947.9231567382812,752.4244384765625
1042,933.9418334960938,396.2252197265625,940.5744018554688,672.348876953125,919.4367065429688,737.9189453125,949.4613647460938,739.4468383789062,947.1687622070312,752.467041015625
1043,934.0680541992188,396.2252197265625,940.5744018554688,672.348876953125,919.1243896484376,738.2244262695312,949.0919799804688,739.5420532226562,946.7208862304688,752.467041015625
1044,934.271240234375,396.2252197265625,940.5744018554688,672.348876953125,918.8489990234376,738.296630859375,949.0919799804688,739.959228515625,946.660888671875,752.467041015625
1045,934.271240234375,396.08306884765625,940.8303833007812,672.0361328125,918.8489990234376,738.296630859375,949.0919799804688,740.2716064453125,946.660888671875,752.467041015625
1046,933.9418334960938,394.8658447265625,941.6495971679688,671.5006713867188,918.8489990234376,738.2717895507812,949.2691650390624,740.3173217773438,946.660888671875,752.5886840820312
1047,933.8073120117188,393.4779968261719,943.6487426757812,670.2896118164062,919.4126586914062,738.2717895507812,949.584716796875,740.4857788085938,946.6611328125,752.7300415039062
1048,931.1371459960938,390.7000732421875,946.1297607421876,667.2572021484375,920.7989501953124,737.4885864257812,950.66796875,740.4857788085938,947.5354614257812,752.7610473632812
1049,930.4533081054688,387.8286437988281,948.7650756835938,663.3899536132812,922.4895629882812,737.2657470703125,952.5357055664062,740.3173217773438,949.09228515625,753.2201538085938
1050,929.7991333007812,385.4990234375,950.2274780273438,659.6045532226562,924.4176025390624,736.7232666015625,953.6062622070312,739.7672729492188,950.0048217773438,753.4452514648438
1051,929.3213500976562,383.5309753417969,951.0679321289062,657.8685302734375,925.6741943359376,736.1090698242188,954.0872802734376,739.235107421875,950.0048217773438,753.61767578125
1052,928.9686889648438,382.6810607910156,951.5057983398438,656.0028686523438,926.288330078125,735.0088500976562,954.422119140625,738.6410522460938,950.0509643554688,753.61767578125
1053,928.5567626953124,382.151123046875,951.96435546875,654.8530883789062,926.9845581054688,734.4632568359375,955.0604248046876,737.948486328125,950.0509643554688,753.61767578125
1054,928.3502807617188,382.0491027832031,952.0362548828124,654.5613403320312,927.3395385742188,734.3470458984375,955.1766357421876,737.8773193359375,950.0509643554688,753.4364013671875
1055,927.7669067382812,381.6686096191406,952.2171020507812,654.2501831054688,927.6022338867188,734.189208984375,955.3152465820312,737.8773193359375,950.0509643554688,753.4364013671875
1056,927.7669067382812,381.6686096191406,952.359130859375,653.9822387695312,928.1492309570312,734.173095703125,955.6268310546876,737.8773193359375,950.4238891601562,753.4364013671875
1057,927.7669067382812,381.4696960449219,952.6970825195312,653.8314819335938,928.5987548828124,734.173095703125,955.9088134765624,737.98779296875,950.6823120117188,754.0355834960938
1058,927.8434448242188,381.65631103515625,953.2300415039062,653.8314819335938,929.363525390625,734.189208984375,956.6702880859376,738.1748657226562,950.699951171875,754.1806640625
1059,927.9326782226562,381.6686096191406,953.948974609375,653.8314819335938,930.2877197265624,734.240478515625,957.2498779296876,738.3184814453125,951.1188354492188,754.2205200195312
1060,928.1149291992188,381.8359375,955.2008056640624,654.3477172851562,930.9344482421876,734.3695068359375,957.7874755859376,738.3907470703125,951.4833984375,754.242919921875
1061,928.1632080078124,381.999755859375,956.2222900390624,654.528076171875,931.928466796875,734.5499267578125,958.489501953125,739.0199584960938,952.3832397460938,754.4396362304688
1062,928.2775268554688,383.33392333984375,956.3594360351562,655.5743408203125,931.928466796875,734.8424072265625,958.7141723632812,739.15673828125,952.82275390625,754.4396362304688
1063,928.418701171875,384.4715270996094,956.3727416992188,656.8986206054688,931.928466796875,735.896240234375,958.7141723632812,739.8563232421875,953.04248046875,754.4396362304688
1064,929.1505737304688,385.852783203125,956.4888916015624,659.4221801757812,931.41259765625,736.6946411132812,958.9589233398438,740.0894775390625,953.3634643554688,754.3050537109375
1065,930.2134399414062,386.2492980957031,956.9007568359376,660.6218872070312,931.4085693359376,736.7146606445312,958.9900512695312,740.1741333007812,953.8099975585938,753.9752807617188
1066,932.0401611328124,386.2841796875,957.6022338867188,660.9659423828125,931.174072265625,736.787353515625,958.8268432617188,740.2323608398438,954.6724853515624,753.7730712890625
1067,933.0094604492188,386.2841796875,957.6022338867188,661.3253784179688,931.0567626953124,737.0676879882812,958.8268432617188,740.2323608398438,954.6724853515624,753.7730712890625
1068,934.1284790039062,386.4654846191406,957.6022338867188,661.53759765625,930.6578979492188,737.4854736328125,958.8268432617188,740.3060913085938,954.6724853515624,753.7730712890625
1069,934.9011840820312,386.4654846191406,957.5061645507812,662.0848388671875,930.3375244140624,737.59814453125,958.65380859375,740.4780883789062,954.5388793945312,753.7730712890625
1070,935.7814331054688,386.49212646484375,957.1805419921876,662.2430419921875,929.7274780273438,737.7742309570312,958.4649658203124,740.5535278320312,954.4497680664062,753.7730712890625
1071,935.8436889648438,386.7402648925781,956.8587646484376,662.5408325195312,929.2767333984376,737.8563232421875,958.3135375976562,740.5550537109375,954.4256591796876,753.3812866210938
1072,936.7133178710938,387.4190368652344,956.502685546875,663.3748168945312,928.7940063476562,737.9298095703125,958.0267944335938,740.5962524414062,954.4256591796876,753.1436157226562
1073,936.7537841796876,387.9553833007813,956.3536376953124,663.9425048828125,928.7940063476562,738.1254272460938,957.8861694335938,740.6455688476562,954.4497680664062,753.1392822265625
1074,936.7537841796876,389.0888671875,956.3536376953124,664.5126342773438,928.7940063476562,738.7742309570312,957.8390502929688,740.9085693359375,954.5198974609376,753.12109375
1075,936.8151245117188,389.3121032714844,956.3189086914062,665.1431884765625,929.0955810546876,738.9651489257812,957.7176513671876,740.9182739257812,954.5198974609376,753.013916015625
1076,936.7537841796876,389.80462646484375,956.3189086914062,665.6893310546875,929.1375732421876,739.1148071289062,957.7176513671876,740.9336547851562,954.5198974609376,753.013916015625
1077,936.7117919921876,389.8610229492188,956.3189086914062,665.9017333984375,929.1375732421876,739.3385009765625,957.6475830078124,740.986572265625,954.2151489257812,753.013916015625
1078,936.1181640625,390.7980346679688,956.2410278320312,666.5997924804688,929.1375732421876,739.6024169921875,957.6055908203124,741.1973266601562,954.0673217773438,753.0994873046875
1079,935.7533569335938,391.1823425292969,955.87353515625,667.087158203125,929.0148315429688,739.9633178710938,957.5228271484376,741.4083251953125,954.0084228515624,753.186767578125
1080,935.4933471679688,391.318115234375,955.8211059570312,667.7689208984375,928.9522094726562,740.062255859375,957.0198974609376,741.8742065429688,953.4056396484376,753.27001953125
1081,935.1189575195312,391.70159912109375,955.8211059570312,668.2426147460938,928.8966064453124,740.2169189453125,956.9317626953124,741.9133911132812,953.3563842773438,753.6248168945312
1082,934.96728515625,391.7950439453125,955.8209228515624,668.3218994140625,928.8390502929688,740.2279052734375,956.9317626953124,741.9142456054688,953.3359375,753.6602783203125
1083,934.910888671875,391.8803405761719,955.7744140625,668.6328735351562,928.8390502929688,740.3247680664062,956.99853515625,741.9142456054688,953.3096313476562,753.77685546875
1084,934.4786987304688,392.0111999511719,955.6322631835938,668.7399291992188,928.7918701171876,740.3247680664062,956.99853515625,741.9142456054688,953.2804565429688,753.7841186523438
1085,934.2775268554688,392.1064758300781,955.623291015625,668.888916015625,928.6543579101562,740.3247680664062,956.898193359375,741.8473510742188,953.208984375,753.7841186523438
1086,933.2731323242188,392.1064758300781,955.289794921875,669.3391723632812,928.4005126953124,740.17236328125,956.9185791015624,741.7786865234375,953.208984375,753.77685546875
1087,933.0598754882812,392.1064758300781,954.4740600585938,669.3391723632812,928.3416748046876,740.17236328125,956.898193359375,741.7786865234375,953.110107421875,753.7643432617188
1088,932.5439453125,392.0535888671875,953.6959838867188,669.3391723632812,928.3165283203124,740.17236328125,956.8722534179688,741.7786865234375,953.1044311523438,753.7643432617188
1089,931.6043701171876,391.9461669921875,953.0584716796876,669.299560546875,928.0383911132812,740.5965576171875,956.2869262695312,742.1220092773438,952.6080322265624,753.7643432617188
1090,931.3058471679688,391.9366760253906,952.2702026367188,669.0841064453125,927.8751220703124,740.7317504882812,955.88232421875,742.3771362304688,952.4116821289062,753.876220703125
1091,931.2258911132812,391.8897705078125,952.2702026367188,669.0396728515625,927.8751220703124,740.7317504882812,955.88232421875,742.3771362304688,952.3857421875,753.876220703125
1092,931.0884399414062,391.9366760253906,952.2051391601562,669.0172729492188,927.8751220703124,740.7317504882812,955.88232421875,742.3771362304688,952.3307495117188,753.876220703125
1093,931.0823364257812,391.9366760253906,952.2294921875,669.0396728515625,927.9137573242188,740.66259765625,956.013427734375,742.2532958984375,952.3272705078124,753.6980590820312
1094,930.9059448242188,392.0155029296875,952.2702026367188,669.0841064453125,927.9137573242188,740.6351928710938,956.013427734375,742.2218627929688,952.271240234375,753.5630493164062
1095,930.7390747070312,392.0155029296875,952.27880859375,669.1439819335938,927.98046875,740.6158447265625,956.0199584960938,742.2194213867188,952.3272705078124,753.4378662109375
1096,930.7390747070312,392.0155029296875,952.33251953125,669.199951171875,927.9871215820312,740.5245361328125,956.0667724609376,742.2194213867188,952.31689453125,753.4378662109375
1097,930.7390747070312,392.0010070800781,953.09521484375,669.26513671875,928.5087890625,740.1710815429688,956.2180786132812,742.2194213867188,952.31689453125,753.4210815429688
1098,930.7494506835938,392.0010070800781,953.6117553710938,669.26513671875,928.5100708007812,740.1240844726562,956.231689453125,742.2194213867188,952.1630859375,753.4210815429688
1099,930.9276733398438,392.0010070800781,954.20751953125,669.26513671875,928.551025390625,740.0881958007812,956.231689453125,742.1626586914062,952.1089477539062,753.4210815429688
1100,931.459228515625,392.0894775390625,955.7637329101562,668.7562255859375,928.551025390625,739.8257446289062,956.2180786132812,742.2651977539062,952.006103515625,753.4420166015625
1101,931.459228515625,392.0894775390625,956.5188598632812,668.7064819335938,928.551025390625,739.5791015625,956.1614379882812,742.3843383789062,951.4560546875,753.4210815429688
1102,931.459228515625,392.0894775390625,956.9070434570312,668.5540161132812,928.2935791015624,739.4840698242188,955.8270263671876,742.7111206054688,951.0350952148438,753.3551635742188
1103,931.2454833984376,392.0894775390625,956.9485473632812,668.5540161132812,927.9337158203124,739.3775024414062,955.7970581054688,742.7111206054688,950.7881469726562,753.3333740234375
1104,930.8470458984376,392.0894775390625,957.014404296875,668.5540161132812,927.9201049804688,739.3320922851562,955.7532348632812,742.7111206054688,950.7881469726562,753.3551635742188
1105,930.1766357421876,392.1749877929688,957.014404296875,668.6453247070312,927.8613891601562,739.3126220703125,955.7532348632812,742.7012939453125,950.7881469726562,753.3551635742188
1106,929.8153686523438,392.2015075683594,957.014404296875,668.6453247070312,927.8374633789062,739.243896484375,955.7970581054688,742.5328369140625,950.9393310546876,753.4783325195312
1107,929.5745849609376,392.2366333007813,956.9843139648438,668.6453247070312,927.75439453125,739.1627197265625,955.9255981445312,742.5147094726562,951.0933837890624,753.48681640625
1108,929.5429077148438,392.3205871582031,956.9828491210938,668.6197509765625,927.7314453125,739.1627197265625,955.9508056640624,742.4732055664062,951.195068359375,753.4945678710938
1109,929.5429077148438,392.5219421386719,956.657958984375,668.5977783203125,927.6170654296876,739.1627197265625,955.9661254882812,742.024658203125,951.2942504882812,753.6961669921875
1110,929.4700317382812,392.7884521484375,956.4524536132812,668.4360961914062,927.396728515625,739.102294921875,956.0979614257812,741.9664306640625,951.3180541992188,753.8861694335938
1111,929.4700317382812,392.7884521484375,956.42236328125,668.33837890625,927.122314453125,738.909423828125,956.4862670898438,741.467041015625,951.686767578125,753.9193725585938
1112,929.4366455078124,392.7884521484375,956.4061279296876,668.3101196289062,926.9852905273438,738.8920288085938,956.4872436523438,741.467041015625,951.8894653320312,753.9710693359375
1113,929.2416381835938,392.37298583984375,956.42236328125,667.7987060546875,926.8595581054688,738.5361328125,956.5829467773438,741.4292602539062,952.3706665039062,754.3268432617188
1114,929.0540771484376,392.2728576660156,956.42236328125,667.4822998046875,926.656005859375,738.3994140625,956.645263671875,741.4070434570312,952.6350708007812,754.6598510742188
1115,928.9391479492188,392.1387023925781,956.5216674804688,667.135009765625,926.656005859375,738.3994140625,956.7011108398438,741.4070434570312,952.6561279296876,754.731201171875
1116,928.62890625,392.0548400878906,956.744140625,667.0990600585938,926.656005859375,738.3994140625,956.8963623046876,741.3060913085938,952.9991455078124,754.7686157226562
1117,928.6175537109376,391.4640197753906,956.744140625,665.9274291992188,926.7295532226562,738.3848266601562,957.0429077148438,741.3060913085938,953.1891479492188,754.869384765625
1118,928.4939575195312,391.1461791992188,956.744140625,665.5213623046875,926.8516845703124,738.4126586914062,957.0429077148438,741.3060913085938,953.2633056640624,754.9229125976562
1119,928.4923095703124,390.78753662109375,955.93115234375,664.8536376953125,926.8516845703124,738.4810180664062,957.0429077148438,741.624267578125,953.2633056640624,755.17333984375
1120,928.2213745117188,389.8558044433594,955.3992919921876,664.23828125,926.8516845703124,739.0296630859375,956.9280395507812,741.6957397460938,953.2633056640624,755.17333984375
1121,928.0074462890624,389.8558044433594,954.8111572265624,664.23828125,926.5411376953124,739.2332153320312,956.7024536132812,741.8411254882812,953.1928100585938,755.17333984375
1122,927.767578125,389.8558044433594,954.677490234375,664.23828125,926.15966796875,739.7532348632812,956.4322509765624,742.1092529296875,952.8806762695312,754.9789428710938
1123,927.767578125,390.7214050292969,954.677490234375,665.4708251953125,925.888671875,739.7700805664062,956.0592041015624,742.2346801757812,952.4094848632812,754.7689208984375
1124,927.767578125,391.9953002929688,954.677490234375,666.7301635742188,925.888671875,739.8480834960938,956.0592041015624,742.2346801757812,951.7991943359376,754.5541381835938
1125,928.3757934570312,393.4486083984375,955.0635375976562,667.9974365234375,925.888671875,739.8756713867188,955.9612426757812,742.2861328125,951.7914428710938,754.2402954101562
1126,928.3887939453124,393.5461730957031,955.5037841796876,668.3553466796875,926.2530517578124,739.8756713867188,955.7984008789062,742.2861328125,951.7230224609376,753.8624877929688
1127,928.7805786132812,394.099609375,955.5114135742188,669.1863403320312,926.2554321289062,740.2823486328125,955.7747192382812,742.522705078125,951.5965576171876,753.78564453125
1128,929.1832275390624,394.6995544433594,955.5164794921876,670.0097045898438,926.3208618164062,740.6616821289062,955.6445922851562,742.8365478515625,951.5914916992188,753.7814331054688
1129,929.1920166015624,395.3240051269531,955.8295288085938,670.5543212890625,926.4058837890624,740.9671630859375,955.5122680664062,743.1947021484375,951.3765258789062,753.6768798828125
1130,929.1920166015624,395.75006103515625,955.9168701171876,671.2023315429688,926.4383544921876,741.3587646484375,955.2778930664062,743.60400390625,951.361083984375,753.6409301757812
1131,929.338134765625,396.9341735839844,955.9168701171876,671.3417358398438,926.5025024414062,741.3633422851562,955.2630615234376,743.625732421875,951.3236694335938,753.5780639648438
1132,929.1853637695312,397.27044677734375,955.9168701171876,671.359375,926.5025024414062,741.5023803710938,955.2312622070312,743.7000732421875,951.1397094726562,753.5543823242188
1133,929.1853637695312,397.2719421386719,955.774658203125,671.8964233398438,926.5025024414062,741.8961791992188,955.0711059570312,743.9095458984375,951.070556640625,753.5722045898438
1134,929.1264038085938,397.2719421386719,955.595458984375,672.0542602539062,926.5008544921876,741.9193115234375,955.06396484375,743.9518432617188,951.0521850585938,753.5722045898438
1135,929.1264038085938,397.3162231445313,955.33251953125,672.0936889648438,926.48193359375,742.0839233398438,954.9563598632812,743.9783935546875,951.0521850585938,753.5543823242188
1136,929.1264038085938,397.3884887695313,955.2413940429688,672.1602172851562,926.4588012695312,742.1237182617188,954.903564453125,744.0467529296875,951.070556640625,753.5543823242188
1137,929.1443481445312,397.49407958984375,955.2127075195312,672.4992065429688,926.4042358398438,742.3257446289062,954.811279296875,744.1666870117188,951.0631103515624,753.5722045898438
1138,929.1466064453124,397.49407958984375,955.1541137695312,672.5555419921875,926.384521484375,742.3807373046875,954.8073120117188,744.2474365234375,951.098876953125,753.580810546875
1139,929.4094848632812,397.49407958984375,954.9998168945312,672.7079467773438,926.3416137695312,742.4240112304688,954.8028564453124,744.3779296875,951.098876953125,753.687744140625
1140,929.5109252929688,397.49407958984375,954.902587890625,672.7079467773438,926.259765625,742.520751953125,954.80126953125,744.4846801757812,951.0631103515624,753.7951049804688
1141,929.5397338867188,397.49407958984375,954.5714111328124,673.2460327148438,926.2267456054688,742.9991455078125,954.7745361328124,744.7866821289062,950.9924926757812,753.9889526367188
1142,929.5397338867188,397.521240234375,954.0148315429688,673.4786987304688,926.2078247070312,743.0624389648438,954.7435913085938,744.8175048828125,950.9805908203124,754.0225830078125
1143,929.5397338867188,398.2119140625,953.5191040039062,674.1287231445312,926.0032348632812,743.30517578125,954.1423950195312,745.3153686523438,950.4739379882812,754.0225830078125
1144,929.4374389648438,398.7953796386719,952.5646362304688,675.2173461914062,925.0040283203124,744.2881469726562,953.147705078125,745.49853515625,949.4057006835938,754.0225830078125
1145,929.1057739257812,400.2863464355469,950.9527587890624,675.930908203125,924.4705200195312,744.5448608398438,952.2503662109376,745.5540161132812,948.7589111328124,753.8936767578125
1146,929.1014404296876,400.2863464355469,949.33203125,676.1807861328125,924.1376342773438,744.590576171875,951.7335205078124,745.5555419921875,948.3135375976562,753.8936767578125
1147,928.8906860351562,400.2863464355469,949.0718994140624,676.3598022460938,924.1264038085938,744.6987915039062,951.5650634765624,745.5555419921875,948.1729736328124,753.8936767578125
1148,928.8906860351562,400.2678833007813,948.9486083984376,676.6610107421875,924.1188354492188,744.6987915039062,951.4683837890624,745.5555419921875,948.08544921875,753.9102172851562
1149,928.8225708007812,400.2678833007813,948.940673828125,676.6798095703125,924.1264038085938,744.7672119140625,951.4282836914062,745.6002807617188,947.1578369140624,755.5524291992188
1150,928.6029052734376,400.2103271484375,948.909912109375,676.9852905273438,924.1376342773438,744.807861328125,951.2987670898438,745.53759765625,947.1578369140624,755.7147216796875
1151,928.7200317382812,400.2103271484375,948.80322265625,676.9852905273438,924.1790771484376,744.8618774414062,951.2987670898438,745.2293701171875,947.1578369140624,755.7147216796875
1152,928.6029052734376,400.3995971679688,948.80322265625,676.9852905273438,924.2246704101562,744.8618774414062,951.2987670898438,745.2293701171875,947.2071533203124,755.5524291992188
1153,928.6029052734376,400.7359008789063,948.80322265625,676.9505615234375,924.2471313476562,744.8618774414062,951.4682006835938,745.2293701171875,947.5765991210938,755.4556884765625
1154,928.6266479492188,400.7693481445313,948.8195190429688,676.910400390625,924.31591796875,744.7569580078125,951.5709228515624,745.2149047851562,947.6149291992188,755.430419921875
1155,928.7200317382812,400.9797668457031,948.9122924804688,676.910400390625,924.31591796875,744.6542358398438,951.5709228515624,745.2149047851562,947.6149291992188,755.4208374023438
1156,929.1193237304688,400.9952087402344,948.9590454101562,676.9505615234375,924.2471313476562,744.478515625,951.5709228515624,745.1844482421875,947.5765991210938,755.3294677734375
1157,929.1382446289062,400.9952087402344,949.56298828125,677.318603515625,924.2471313476562,744.4363403320312,951.4682006835938,745.1179809570312,947.4962158203124,755.2695922851562
1158,929.2794799804688,400.9952087402344,950.4912109375,677.6909790039062,924.0839233398438,744.2380981445312,951.4628295898438,745.1179809570312,947.1563110351562,755.3294677734375
1159,929.681884765625,400.7750244140625,950.4912109375,677.6909790039062,924.0562133789062,743.58154296875,951.2525024414062,744.9519653320312,946.9405517578124,755.2227783203125
1160,929.7760620117188,400.7725830078125,950.4912109375,677.6909790039062,922.289306640625,743.3090209960938,950.3737182617188,744.8549194335938,945.517578125,754.6152954101562
1161,930.2816162109376,400.7725830078125,950.2302856445312,677.4840698242188,919.8817749023438,742.9586791992188,947.6339111328124,744.8549194335938,943.374267578125,753.898193359375
1162,930.51513671875,400.7725830078125,949.727294921875,677.3060302734375,918.1882934570312,742.4132080078125,946.3960571289062,744.9519653320312,942.4846801757812,753.6434936523438
1163,930.5299072265624,400.8463134765625,948.9591674804688,676.4788208007812,916.1165161132812,742.0364990234375,944.5804443359376,744.8549194335938,940.70166015625,753.1925659179688
1164,930.698486328125,400.86224365234375,948.4328002929688,676.3541259765625,914.4415893554688,740.9400024414062,943.50048828125,744.6511840820312,937.8433837890624,753.1925659179688
1165,931.2081909179688,400.86224365234375,948.0105590820312,676.338623046875,914.0243530273438,739.616455078125,943.2200317382812,744.1954956054688,937.147216796875,753.17333984375
1166,931.8868408203124,400.86224365234375,947.3209838867188,676.2869262695312,912.9579467773438,738.7545776367188,943.0770874023438,743.5050659179688,935.0139770507812,753.097900390625
1167,931.9862060546876,400.8463134765625,946.8715209960938,676.149658203125,912.9579467773438,738.7545776367188,943.0770874023438,743.5050659179688,935.0139770507812,753.0692749023438
1168,931.9862060546876,400.7735595703125,946.7797241210938,676.149658203125,912.9579467773438,738.7545776367188,943.0770874023438,743.5050659179688,935.0139770507812,753.097900390625
1169,932.0031127929688,400.7525329589844,946.6810913085938,676.1488647460938,913.2417602539062,739.08740234375,943.2355346679688,743.6682739257812,937.7658081054688,753.17333984375
1170,931.9862060546876,400.5212097167969,946.0896606445312,675.03857421875,913.5595703125,739.9164428710938,943.2532348632812,744.1005859375,939.022216796875,753.4259033203125
1171,932.0031127929688,400.4851989746094,945.7454223632812,674.9051513671875,914.387939453125,741.2706909179688,943.3863525390624,744.5324096679688,939.32421875,753.67626953125
1172,932.0031127929688,400.2110290527344,945.537841796875,673.9300537109375,915.8195190429688,741.8772583007812,943.4661254882812,744.7490844726562,939.80322265625,753.953857421875
1173,932.1414794921876,399.3208923339844,945.4354248046876,672.8925170898438,915.9396362304688,742.13427734375,943.4661254882812,745.24462890625,939.8110961914062,753.953857421875
1174,932.1768188476562,398.8528747558594,945.3807373046876,672.01904296875,915.94140625,742.19287109375,943.4976806640624,745.24462890625,940.1395263671876,753.9539794921875
1175,932.3877563476562,398.2685852050781,945.2710571289062,671.1383056640625,915.9810180664062,742.19287109375,943.6032104492188,745.24462890625,940.22314453125,753.9539794921875
1176,932.3905029296876,398.0152282714844,945.2593994140624,670.4410400390625,915.9810180664062,742.13427734375,943.6032104492188,745.2514038085938,940.577392578125,753.9539794921875
1177,932.4418334960938,397.94830322265625,945.2593994140624,670.0884399414062,915.9810180664062,742.0740356445312,943.6032104492188,745.2514038085938,940.6420288085938,753.9539794921875
1178,932.6528930664062,397.94830322265625,945.2593994140624,669.8069458007812,915.8729248046876,742.030029296875,943.4286499023438,745.2514038085938,940.6453857421876,753.9539794921875
1179,932.701904296875,397.94830322265625,945.267333984375,669.2957153320312,915.72802734375,742.00244140625,943.4117431640624,745.2658081054688,940.6453857421876,753.9395751953125
1180,932.701904296875,398.1950073242188,945.267333984375,669.2957153320312,915.3024291992188,742.030029296875,943.357421875,745.2998657226562,940.6420288085938,754.0601196289062
1181,932.6528930664062,398.2886962890625,945.267333984375,669.2957153320312,914.8095703125,742.06591796875,942.908447265625,745.3440551757812,939.8239135742188,754.0601196289062
1182,932.3789672851562,398.7485961914063,944.7784423828124,669.3432006835938,914.0596923828124,742.064697265625,942.8626708984376,745.9056396484375,939.5818481445312,753.973388671875
1183,932.3789672851562,398.9000549316406,944.7784423828124,669.9118041992188,913.68603515625,742.064697265625,942.4346313476562,745.9056396484375,939.3233642578124,753.9502563476562
1184,932.3789672851562,399.2359313964844,944.7784423828124,670.312744140625,913.6849365234376,742.064697265625,942.41552734375,745.9056396484375,939.1692504882812,753.9502563476562
1185,932.8187255859376,399.4016418457031,944.7784423828124,670.836669921875,913.6726684570312,741.7363891601562,942.4141845703124,746.114990234375,939.14306640625,753.9502563476562
1186,932.8187255859376,400.533935546875,944.7784423828124,672.266845703125,912.8383178710938,741.477783203125,941.7412109375,745.8347778320312,938.5108642578124,753.7891845703125
1187,932.8187255859376,402.1670227050781,944.5619506835938,674.3310546875,911.39306640625,741.1613159179688,939.8530883789062,745.4505615234375,935.6487426757812,753.7713012695312
1188,932.5586547851562,404.3162841796875,943.0499267578124,675.55810546875,908.65576171875,738.7974853515625,936.4948120117188,743.9717407226562,930.7817993164062,753.7713012695312
1189,932.523193359375,405.0651245117188,942.5236206054688,675.59521484375,906.2650146484376,737.3789672851562,933.3009643554688,742.5801391601562,928.0018310546876,752.6343994140625
1190,932.2294311523438,405.0651245117188,942.5236206054688,675.59521484375,906.2650146484376,736.5541381835938,932.940673828125,741.67919921875,921.1199951171876,749.9708862304688
1191,931.9151611328124,405.0651245117188,942.5236206054688,675.59521484375,906.2303466796876,729.8493041992188,932.6165161132812,735.5621337890625,920.0296020507812,743.3275146484375
1192,931.86474609375,404.8167724609375,944.794921875,675.0188598632812,905.8616333007812,721.50390625,932.6165161132812,728.37451171875,920.0296020507812,737.3307495117188
1193,931.543701171875,403.8971252441406,944.794921875,673.4346313476562,905.8616333007812,717.2404174804688,932.6165161132812,723.0330810546875,919.9124755859376,731.245361328125
1194,931.450927734375,403.4433288574219,944.794921875,672.4694213867188,905.7728271484376,711.2977905273438,932.6165161132812,718.9970703125,919.9124755859376,726.4609375
1195,930.8460083007812,403.4433288574219,944.6820678710938,672.1889038085938,904.5030517578124,709.1836547851562,930.3550415039062,715.4642944335938,919.1609497070312,722.88720703125
1196,930.188232421875,403.4433288574219,942.5821533203124,672.1889038085938,902.8958740234376,709.1836547851562,928.5862426757812,715.4642944335938,917.4969482421876,722.8057861328125
1197,929.6712646484376,403.5118713378906,941.2839965820312,672.1889038085938,901.3875732421876,709.1836547851562,926.815673828125,715.4642944335938,916.8765869140624,722.6535034179688
1198,929.49853515625,403.8695983886719,940.1797485351562,672.8250732421875,899.9705200195312,709.4961547851562,924.902587890625,716.1613159179688,913.099609375,722.6535034179688
1199,929.4794921875,404.2410583496094,938.9569091796876,673.0196533203125,899.8130493164062,709.7332153320312,923.341796875,717.1509399414062,909.5614013671876,722.88720703125
1200,929.49853515625,404.2410583496094,937.70458984375,673.0196533203125,897.47216796875,711.9473876953125,921.4086303710938,719.140625,908.4857788085938,723.4861450195312
1201,929.6712646484376,404.2410583496094,936.400390625,673.0196533203125,894.8748779296875,713.3790283203125,921.0301513671876,720.5498046875,908.3952026367188,725.48779296875
1202,929.9313354492188,404.0824279785156,935.9779052734376,672.5650634765625,893.6423950195312,716.9326782226562,921.0301513671876,723.1122436523438,908.3952026367188,730.5761108398438
1203,930.3960571289062,403.59619140625,935.7405395507812,671.9725952148438,892.9693603515625,719.3216552734375,921.0301513671876,725.5554809570312,908.4857788085938,736.014404296875
1204,930.6925659179688,402.8631591796875,934.7696533203124,670.9953002929688,892.4876708984375,720.6773681640625,921.66455078125,727.709228515625,909.09326171875,738.14892578125
1205,930.7750244140624,401.84423828125,933.4688720703124,669.5858764648438,892.13623046875,723.7754516601562,923.2975463867188,729.6555786132812,909.09326171875,741.9111938476562
1206,930.9334106445312,401.4085998535156,932.4653930664062,668.1835327148438,892.484619140625,724.781982421875,923.2975463867188,729.8357543945312,909.09326171875,743.728271484375
1207,930.9334106445312,401.4036254882813,932.0586547851562,667.324462890625,892.484619140625,725.5867309570312,923.2975463867188,729.8567504882812,908.709716796875,745.2046508789062
1208,930.9334106445312,401.0144958496094,931.9395751953124,666.8615112304688,892.348388671875,725.658935546875,923.0083618164062,730.0261840820312,908.6500244140624,745.9412231445312
1209,930.9598999023438,400.6383666992188,931.726806640625,666.57958984375,892.484619140625,726.1420288085938,922.7351684570312,730.552001953125,908.6490478515624,747.2606201171875
1210,930.885498046875,400.46783447265625,931.6818237304688,666.5499267578125,892.484619140625,726.5311279296875,922.6959228515624,731.0337524414062,908.28173828125,748.224853515625
1211,930.8815307617188,400.46783447265625,931.5494384765624,666.2666015625,892.348388671875,726.5311279296875,922.6959228515624,731.520263671875,907.8572998046876,749.6575317382812
1212,930.885498046875,400.46783447265625,931.2808227539062,666.0955200195312,892.165771484375,726.5311279296875,922.7351684570312,731.6298217773438,907.6561279296876,750.1787109375
1213,930.9598999023438,400.5582580566406,931.2808227539062,665.8959350585938,892.060302734375,726.3756713867188,922.7544555664062,732.449462890625,907.6561279296876,751.8162841796875
1214,931.0074462890624,400.7231750488281,931.2808227539062,665.8959350585938,891.656982421875,725.9608154296875,922.972900390625,732.8399047851562,907.6561279296876,752.6788330078125
1215,931.3121337890624,400.9147033691406,931.3703002929688,665.8959350585938,891.3444213867188,725.63232421875,923.2210083007812,732.8399047851562,907.9757690429688,753.3931274414062
1216,931.3517456054688,400.9567565917969,931.3876342773438,666.0823974609375,891.3444213867188,725.2870483398438,923.2213134765624,732.8399047851562,908.0128784179688,753.5125732421875
1217,931.3517456054688,401.0225830078125,931.3876342773438,666.1233520507812,891.3444213867188,725.004638671875,923.2527465820312,732.7244262695312,908.0227661132812,753.5125732421875
1218,931.362060546875,401.2337036132813,931.3876342773438,666.379150390625,891.3444213867188,724.7662963867188,923.2950439453124,732.6006469726562,908.1660766601562,753.5125732421875
1219,931.5327758789062,401.4548034667969,931.3792114257812,666.3924560546875,891.3627319335938,724.7393188476562,923.2213134765624,732.466552734375,908.8408813476562,752.11669921875
1220,931.620361328125,401.5324096679688,931.069580078125,666.4892578125,891.3627319335938,724.4627685546875,923.2213134765624,729.8895874023438,908.8408813476562,748.497314453125
1221,931.6654052734376,401.5989379882813,930.9645385742188,666.5662841796875,891.2276000976562,723.7003173828125,922.279296875,729.0462036132812,908.8408813476562,744.1249389648438
1222,931.824951171875,402.0968322753906,930.5628662109376,666.5662841796875,890.9882202148438,723.3362426757812,921.3348388671876,728.6502075195312,908.0411987304688,739.8652954101562
1223,931.824951171875,402.1061401367188,929.2008056640624,666.4892578125,888.7730102539062,720.9754638671875,918.2295532226562,725.875,905.6929931640624,735.6234741210938
1224,931.7191162109376,402.5633544921875,925.719970703125,665.9217529296875,884.975341796875,719.364013671875,913.0996704101562,722.6346435546875,899.4644165039062,728.5731811523438
1225,931.6654052734376,402.6475830078125,921.3146362304688,664.7677612304688,879.4276123046875,717.096923828125,908.2882080078124,716.8572998046875,891.4036254882812,720.5722045898438
1226,931.04296875,402.7097778320313,916.3175048828124,663.0101318359375,871.9505615234375,714.9999389648438,901.4683227539062,713.876953125,885.5628662109375,716.4660034179688
1227,930.8074340820312,402.7153625488281,912.9940795898438,661.06884765625,869.6143188476562,711.4144897460938,898.7008056640625,711.7217407226562,883.2781982421875,713.95849609375
1228,930.5800170898438,403.0067443847656,912.9940795898438,659.8162841796875,869.6143188476562,710.6298217773438,898.7008056640625,711.345458984375,883.2781982421875,713.33447265625
1229,930.5800170898438,403.1680908203125,912.9940795898438,658.5946655273438,869.6143188476562,709.9674072265625,898.7008056640625,710.30419921875,883.2781982421875,713.2570190429688
1230,930.5800170898438,403.1680908203125,913.5435180664062,656.8110961914062,872.6838989257812,709.8763427734375,902.6305541992188,709.3048095703125,887.8869018554688,713.208984375
1231,930.7476806640624,403.1680908203125,914.8258666992188,653.7593383789062,875.4879150390625,707.6228637695312,906.0320434570312,706.0300903320312,892.2103881835938,710.45263671875
1232,931.2084350585938,402.6950378417969,915.5027465820312,648.7310180664062,879.28369140625,701.520263671875,907.587646484375,698.4523315429688,894.7540283203125,703.5407104492188
1233,931.353759765625,402.6697082519531,915.5027465820312,643.4680786132812,879.28369140625,692.06787109375,907.587646484375,692.3668212890625,894.7540283203125,696.7199096679688
1234,931.7020874023438,402.2600708007813,915.5027465820312,636.31982421875,879.28369140625,683.3616333007812,907.587646484375,682.1011352539062,894.7540283203125,687.2022094726562
1235,931.7020874023438,402.1969299316406,914.5455322265624,631.4324951171875,875.17529296875,675.0015869140625,905.8385009765624,673.9320678710938,891.20654296875,677.1847534179688
1236,931.7238159179688,401.6935729980469,913.4532470703124,626.70166015625,,,902.5894165039062,665.01513671875,890.0086669921875,669.2230224609375
1237,931.8051147460938,401.246337890625,910.759521484375,622.2093505859375,,,899.602783203125,655.26220703125,886.8574829101562,659.7068481445312
1238,931.85302734375,400.8470153808594,910.1170043945312,617.9598388671875,,,896.6152954101562,642.8934936523438,886.1014404296875,648.2951049804688
1239,931.8051147460938,400.5632934570313,910.1170043945312,609.1270141601562,,,,,885.1260375976562,633.1544799804688
1240,931.8051147460938,399.7693481445313,910.1170043945312,598.1808471679688,,,,,885.1260375976562,619.5234375
1241,931.7935180664062,399.1594543457031,910.4869995117188,590.0588989257812,,,,,885.6488037109375,607.019287109375
1242,931.7926025390624,398.6117248535156,910.4869995117188,581.8604736328125,,,896.6107788085938,595.4893798828125,886.1014404296875,595.9176025390625
1243,931.5228881835938,398.5920715332031,910.4869995117188,576.6326904296875,,,896.1764526367188,588.2147827148438,885.6488037109375,586.619873046875
1244,931.2275390625,398.4220275878906,909.5283203125,570.7821044921875,,,895.9467163085938,578.6932983398438,885.6488037109375,577.9000244140625
1245,930.8723754882812,398.346435546875,907.1323852539062,562.7164306640625,,,,,885.6488037109375,563.4130859375
1246,930.86474609375,397.4678649902344,904.4574584960938,551.1642456054688,,,,,885.9498291015625,552.1744384765625
1247,930.6566772460938,397.4678649902344,903.232177734375,551.1642456054688,,,,,,
1248,930.6566772460938,397.4678649902344,903.232177734375,551.1642456054688,,,,,,
1249,930.76806640625,398.2072143554688,902.534423828125,555.1915283203125,,,,,886.5125122070312,563.7367553710938
1250,930.6071166992188,400.4390869140625,902.534423828125,563.2012329101562,,,,,886.7128295898438,579.7434692382812
1251,930.5133666992188,400.4390869140625,902.3779296875,563.2012329101562,,,,,886.7128295898438,579.7434692382812
1252,930.4661865234376,400.4390869140625,900.7960205078124,563.2012329101562,,,,,887.3765258789062,579.7434692382812
1253,930.1990356445312,400.3735961914063,900.30224609375,560.0984497070312,,,,,887.3765258789062,576.5953369140625
1254,930.1990356445312,400.3735961914063,900.30224609375,560.0984497070312,,,,,887.54248046875,576.5953369140625
1255,930.1990356445312,400.3735961914063,899.9235229492188,560.0984497070312,,,,,887.6238403320312,576.5953369140625
1256,930.4868774414062,400.6736450195313,899.9235229492188,561.7638549804688,,,,,887.6238403320312,577.3750610351562
1257,930.6301879882812,401.6729736328125,898.6878051757812,569.152099609375,,,,,887.54248046875,587.3670043945312
1258,930.6443481445312,401.8180847167969,897.1820678710938,574.4169921875,,,,,885.1220092773438,594.0505981445312
1259,930.6671142578124,402.2093200683594,896.1695556640625,574.4169921875,,,,,884.5948486328125,594.0505981445312
1260,930.9337768554688,402.2093200683594,895.89404296875,574.4169921875,,,,,884.5948486328125,594.0505981445312
1261,931.0099487304688,402.2093200683594,895.89404296875,574.4169921875,,,,,885.1220092773438,594.0505981445312
1262,931.0455322265624,402.2093200683594,895.89404296875,574.4169921875,,,,,885.1740112304688,594.0505981445312
1263,931.0455322265624,402.3270568847656,896.6443481445312,577.4577026367188,,,,,886.6458740234375,595.9268798828125
1264,931.2449340820312,402.7010192871094,896.82421875,581.5836181640625,,,,,888.064697265625,603.5842895507812
1265,931.332275390625,403.2896423339844,896.9559936523438,586.7188720703125,,,,,888.9586181640625,610.4158935546875
1266,931.332275390625,403.5421447753906,896.9559936523438,593.4308471679688,,,,,889.0711059570312,621.5245361328125
1267,931.3042602539062,403.6450500488281,896.9559936523438,601.2028198242188,,,,,889.0711059570312,632.7120971679688
1268,931.3042602539062,403.9809265136719,897.2716064453125,613.8111572265625,872.2399291992188,648.7863159179688,,,891.1428833007812,652.3790893554688
1269,931.3042602539062,406.3786926269531,898.7839965820312,629.32861328125,872.2399291992188,671.0001220703125,901.3241577148438,672.853759765625,893.1262817382812,680.91015625
1270,930.6280517578124,407.3432312011719,899.9801025390625,641.1884155273438,872.2399291992188,694.3319091796875,905.4035034179688,693.1548461914062,899.5166015625,706.7077026367188
1271,930.5577392578124,407.3432312011719,902.1790771484376,648.4891967773438,875.4981689453125,707.526611328125,908.5750122070312,702.4141845703125,901.0965576171876,721.4918823242188
1272,930.5545654296876,407.3432312011719,903.3694458007812,653.5355834960938,877.8189697265625,714.1461181640625,908.8412475585938,709.3473510742188,901.1975708007812,730.332275390625
1273,929.9778442382812,407.0662536621094,904.5864868164062,654.9384765625,879.3887939453125,715.377685546875,908.9176025390624,711.6974487304688,902.1591186523438,731.4686889648438
1274,929.6340942382812,406.8718872070313,906.992919921875,656.4428100585938,881.1752319335938,716.5629272460938,910.6502685546876,712.3925170898438,902.6990356445312,731.7950439453125
1275,929.6340942382812,406.6912841796875,910.333251953125,657.7359008789062,884.4695434570312,719.5674438476562,913.8198852539062,714.6360473632812,907.3792724609376,736.0159301757812
1276,929.6340942382812,406.6912841796875,914.062255859375,661.4019775390625,886.677734375,729.7892456054688,917.2215576171876,725.9395141601562,907.4825439453124,745.9453125
1277,929.8402709960938,406.6748046875,919.0243530273438,666.6376953125,886.677734375,732.5797119140625,917.2215576171876,732.4306640625,907.4825439453124,752.8115234375
1278,930.1930541992188,406.4537048339844,922.1293334960938,666.6376953125,886.677734375,732.5797119140625,917.2215576171876,732.4306640625,907.4825439453124,754.1015014648438
1279,930.4208374023438,405.4114379882813,923.15576171875,666.6376953125,886.2250366210938,732.5797119140625,914.8577880859376,732.4306640625,904.3989868164062,754.1015014648438
1280,930.4208374023438,404.98638916015625,923.15576171875,664.2864379882812,885.38330078125,729.5796508789062,914.46044921875,732.4044189453125,902.4309692382812,754.1015014648438
1281,930.2398071289062,404.9556884765625,923.15576171875,664.04345703125,883.7643432617188,728.3966064453125,913.0218505859376,732.4044189453125,899.5584716796875,754.8106689453125
1282,930.2398071289062,404.76861572265625,922.6629028320312,663.6991577148438,882.7105712890625,728.229736328125,912.2281494140624,732.4044189453125,897.603271484375,756.0211181640625
1283,930.3727416992188,404.6009826660156,921.8283081054688,663.6331176757812,881.7167358398438,728.1450805664062,911.4518432617188,732.4044189453125,895.4487915039062,757.967041015625
1284,930.3727416992188,404.2618103027344,921.5193481445312,663.6331176757812,881.1389770507812,727.3341674804688,911.2000122070312,732.4044189453125,895.4487915039062,757.978759765625
1285,930.3727416992188,404.2618103027344,921.447509765625,663.6331176757812,879.8800659179688,722.9013061523438,911.1124877929688,732.6395263671875,895.4487915039062,758.1719970703125
1286,930.3727416992188,404.2618103027344,921.3994140625,664.1665649414062,878.9817504882812,722.7140502929688,910.2227783203124,732.6395263671875,895.8779907226562,758.3414306640625
1287,930.3386840820312,404.2618103027344,921.3994140625,664.4501342773438,878.9817504882812,722.7140502929688,910.2227783203124,732.7294311523438,895.9945068359375,758.496826171875
1288,930.1006469726562,404.2584838867188,921.447509765625,664.5007934570312,878.9817504882812,722.9013061523438,910.2227783203124,733.1278686523438,896.4266967773438,759.0264892578125
1289,929.7830810546876,404.1059265136719,921.4705200195312,664.6118774414062,879.227294921875,723.0853271484375,910.8361206054688,733.2670288085938,897.177001953125,759.0264892578125
1290,929.74853515625,404.1059265136719,921.57666015625,665.7390747070312,879.8416748046875,724.3453369140625,912.2427978515624,733.3212280273438,899.6156005859375,759.0264892578125
1291,929.344970703125,404.0017395019531,922.2398681640624,666.34521484375,880.60791015625,726.7979736328125,912.5957641601562,733.3212280273438,902.4487915039062,758.3611450195312
1292,928.8717041015624,404.0017395019531,922.8367309570312,666.34521484375,883.1571044921875,726.8367309570312,914.2836303710938,733.3212280273438,904.4960327148438,757.3331909179688
1293,928.8638916015624,403.3515319824219,923.3136596679688,666.4133911132812,884.6197509765625,726.8367309570312,915.825927734375,733.1990966796875,906.7008056640624,755.9661865234375
1294,928.8453979492188,402.9406127929688,924.273681640625,666.6334228515625,886.7264404296875,726.8367309570312,918.2041625976562,732.578125,908.7067260742188,754.598388671875
1295,928.7359008789062,402.7060241699219,924.273681640625,666.5496215820312,887.8038940429688,726.2153930664062,919.9610595703124,731.7783813476562,911.552978515625,752.7340087890625
1296,928.6648559570312,402.6694946289063,924.273681640625,666.6334228515625,888.0447998046875,725.9580688476562,920.5133666992188,731.64208984375,912.4642333984376,751.815673828125
1297,928.5279541015624,402.5618896484375,924.273681640625,666.6618041992188,888.5977783203125,725.5299682617188,920.7594604492188,730.6713256835938,912.611328125,751.255859375
1298,928.5179443359376,402.1492919921875,924.273681640625,666.6618041992188,888.8229370117188,725.09326171875,921.1066284179688,730.130615234375,912.8536376953124,750.5111694335938
1299,928.2838134765624,402.03424072265625,924.662353515625,666.9404907226562,888.9864501953125,724.753173828125,922.0985717773438,728.6988525390625,913.4252319335938,749.270751953125
1300,927.9979858398438,401.9093627929688,925.3209838867188,667.5997924804688,889.3812866210938,724.4142456054688,922.6880493164062,728.3917236328125,914.223876953125,747.5059204101562
1301,927.9979858398438,401.4165954589844,925.8987426757812,667.7400512695312,890.3304443359375,723.9684448242188,923.2686767578124,727.6592407226562,915.4740600585938,746.5079956054688
1302,927.9979858398438,401.0172119140625,926.59423828125,667.7799682617188,892.0091552734375,722.6077880859375,924.5643310546876,727.022705078125,916.1880493164062,745.1494750976562
1303,928.1276245117188,401.0172119140625,928.0770874023438,667.9231567382812,893.8939819335938,722.6077880859375,925.9927368164062,727.022705078125,916.9254760742188,745.112060546875
1304,928.6215209960938,401.0172119140625,929.3912963867188,668.877685546875,895.7464599609375,722.6077880859375,927.87744140625,727.022705078125,918.6277465820312,745.112060546875
1305,928.9528198242188,401.1054992675781,931.7303466796876,669.5693359375,898.5293579101562,724.400390625,929.59326171875,728.41015625,921.1171875,745.112060546875
1306,929.9254150390624,401.6526489257813,934.1129150390624,672.2335815429688,901.8565063476562,725.1504516601562,931.762939453125,732.7531127929688,922.3515014648438,748.10009765625
1307,929.9254150390624,402.1814880371094,935.3915405273438,674.453369140625,905.774658203125,729.5281372070312,934.4004516601562,736.639892578125,927.3219604492188,750.7037353515625
1308,929.9254150390624,402.1814880371094,936.45751953125,675.4705810546875,906.9804077148438,732.1957397460938,937.224609375,739.9306640625,932.1180419921876,753.0057373046875
1309,929.5902709960938,402.1814880371094,937.849365234375,675.4705810546875,908.0428466796876,732.5673828125,938.2135009765624,740.2586669921875,932.894287109375,753.0057373046875
1310,929.2667846679688,401.3918762207031,938.1370239257812,675.4705810546875,908.0428466796876,732.6210327148438,938.4226684570312,740.3291015625,933.0505981445312,753.0057373046875
1311,929.132568359375,400.7047424316406,938.3174438476562,675.2530517578125,908.107177734375,733.2982788085938,938.4927368164062,740.4840698242188,933.9220581054688,752.609375
1312,929.1075439453124,400.1288146972656,938.3194580078124,674.6500854492188,908.145751953125,734.4276733398438,938.5224609375,741.088134765625,934.39990234375,752.609375
1313,928.6221313476562,398.8958129882813,938.7335205078124,673.6671142578125,908.145751953125,735.4176025390625,938.971923828125,741.27001953125,934.91748046875,752.609375
1314,928.60302734375,398.0711975097656,938.7564086914062,672.6366577148438,908.5498046875,736.3338012695312,938.9913330078124,741.693359375,934.9542846679688,752.6796264648438
1315,928.4198608398438,397.1359558105469,938.8911743164062,672.0169067382812,908.8219604492188,736.46044921875,939.0011596679688,741.693359375,935.1167602539062,752.8110961914062
1316,928.4198608398438,395.8770446777344,938.91748046875,670.0639038085938,908.8369140625,736.5211181640625,939.0823974609376,741.693359375,935.2350463867188,752.9100341796875
1317,928.4198608398438,394.5354919433594,939.9044799804688,668.6510620117188,909.0896606445312,736.6497192382812,939.1594848632812,741.656982421875,935.3627319335938,752.9337768554688
1318,928.4198608398438,392.9679260253906,940.4723510742188,668.0235595703125,909.2939453125,736.6497192382812,939.3931884765624,741.6273193359375,935.6112060546876,753.0150756835938
1319,928.5326538085938,392.0848693847656,940.4723510742188,666.0376586914062,909.3319091796876,736.5816650390625,939.4520263671876,741.5986328125,935.6396484375,753.353271484375
1320,928.5326538085938,391.79583740234375,940.5073852539062,664.3201904296875,909.6220703125,736.5211181640625,939.8101196289062,741.5100708007812,935.746337890625,753.6378784179688
1321,928.5326538085938,391.18255615234375,940.5073852539062,663.7784423828125,909.6639404296876,736.4072265625,939.8396606445312,741.5100708007812,935.8036499023438,753.6378784179688
1322,928.46142578125,391.18255615234375,940.4723510742188,663.7784423828125,909.7342529296876,736.3372802734375,939.8396606445312,741.5000610351562,935.8036499023438,753.6378784179688
1323,928.4583740234376,391.18255615234375,940.427734375,663.7784423828125,909.7342529296876,736.2362060546875,939.8101196289062,741.4916381835938,935.8036499023438,753.5657348632812
1324,928.4583740234376,391.4702758789063,940.427734375,664.406005859375,909.7342529296876,736.1375122070312,939.6304931640624,741.4575805664062,935.7980346679688,753.3541870117188
1325,928.4583740234376,391.55169677734375,940.093017578125,665.0032348632812,909.34326171875,736.2362060546875,939.110595703125,741.4692993164062,935.27001953125,753.166015625
1326,928.4734497070312,391.5738525390625,939.97265625,665.4144287109375,909.0490112304688,736.2681274414062,938.4149169921876,741.4692993164062,934.7555541992188,753.0289916992188
1327,928.7652587890624,392.3501586914063,939.814208984375,666.1142578125,908.82568359375,736.2681274414062,938.3212280273438,741.4575805664062,934.7435913085938,752.8720092773438
1328,929.1920776367188,392.4519958496094,939.0635986328124,667.572021484375,908.1961059570312,736.2827758789062,937.4741821289062,741.4028930664062,934.455322265625,752.7985229492188
1329,929.2230834960938,393.5337524414063,938.9887084960938,669.4988403320312,908.0675048828124,736.3644409179688,936.680419921875,741.4028930664062,933.7889404296876,752.3890380859375
1330,929.3253173828124,395.1909790039063,938.9887084960938,671.0394287109375,908.0675048828124,736.3746948242188,936.6791381835938,741.4028930664062,933.7607421875,752.3890380859375
1331,929.3441772460938,397.0400390625,938.9887084960938,672.7701416015625,908.0675048828124,736.6780395507812,936.6791381835938,741.53466796875,933.6925659179688,752.3890380859375
1332,929.8138427734376,399.6064758300781,939.5934448242188,675.3106689453125,908.503173828125,736.9202270507812,936.6791381835938,742.2239379882812,933.6925659179688,752.5899658203125
1333,930.333740234375,401.9263916015625,940.5001220703124,677.3670043945312,909.0822143554688,737.255615234375,937.2119140625,743.0787963867188,933.6962890625,752.6470947265625
1334,930.4820556640624,401.9470520019531,940.7094116210938,677.4324951171875,909.2908935546876,737.7861938476562,937.4444580078124,743.4856567382812,933.6962890625,752.9618530273438
1335,930.4820556640624,402.3260498046875,940.7605590820312,677.9776611328125,909.2908935546876,737.941162109375,937.466064453125,743.7518310546875,933.6962890625,753.13134765625
1336,930.5038452148438,402.3260498046875,940.8252563476562,678.0505981445312,909.0985717773438,738.0299072265625,937.4984130859376,743.9813842773438,933.7633056640624,753.2738647460938
1337,930.849853515625,402.3260498046875,940.8115844726562,678.0505981445312,909.0822143554688,738.0299072265625,937.6473999023438,744.1312255859375,933.7537231445312,753.3392333984375
1338,930.8594970703124,402.0919494628906,940.8887329101562,678.0505981445312,909.080810546875,738.0299072265625,937.7742309570312,744.1312255859375,933.7633056640624,753.3392333984375
1339,930.8594970703124,402.0909729003906,940.9570922851562,677.1853637695312,909.0358276367188,737.847900390625,937.8369750976562,744.1312255859375,933.7786254882812,753.3392333984375
1340,930.8594970703124,401.5275268554688,940.9638061523438,677.01904296875,909.0146484375,737.739501953125,937.9038696289062,744.02197265625,933.865478515625,753.3242797851562
1341,930.6472778320312,400.6240234375,941.1713256835938,676.3335571289062,908.974853515625,737.739501953125,937.9635009765624,744.02197265625,933.8788452148438,753.2625732421875
1342,930.6167602539062,399.7615661621094,941.1786499023438,675.6996459960938,908.9550170898438,737.739501953125,937.9667358398438,744.0182495117188,933.9630126953124,753.2210083007812
1343,929.953369140625,398.7748107910156,941.4818115234376,674.5165405273438,908.8651123046876,738.009033203125,938.1056518554688,744.0182495117188,933.9703369140624,753.2210083007812
1344,929.953369140625,397.3775329589844,941.5106201171876,673.05078125,908.8651123046876,738.16455078125,938.2831420898438,744.0182495117188,934.025390625,753.2625732421875
1345,929.953369140625,396.1149291992188,941.5106201171876,671.0689086914062,908.8651123046876,738.2251586914062,938.395751953125,744.0182495117188,934.825927734375,753.305419921875
1346,930.4541625976562,395.4356689453125,941.4818115234376,669.936767578125,909.1137084960938,738.425048828125,938.395751953125,744.0182495117188,934.825927734375,753.305419921875
1347,930.7210693359376,395.4274597167969,941.1163330078124,669.3004150390625,909.2919921875,738.6077880859375,938.395751953125,744.2091674804688,934.825927734375,753.305419921875
1348,930.7210693359376,394.891357421875,941.1163330078124,669.1356811523438,909.2919921875,738.425048828125,938.0957641601562,744.1415405273438,934.6751708984376,753.3010864257812
1349,930.7427368164062,394.7845458984375,941.1163330078124,668.7083740234375,909.3114624023438,738.6033325195312,938.0957641601562,744.2091674804688,934.6751708984376,753.3010864257812
1350,930.7427368164062,393.9151306152344,941.4475708007812,668.7083740234375,909.3114624023438,738.6832885742188,938.0957641601562,744.2111206054688,934.6751708984376,753.3010864257812
1351,930.5999755859376,393.9151306152344,941.4475708007812,668.7083740234375,909.4041137695312,738.6832885742188,938.174072265625,744.2182006835938,934.7282104492188,753.32421875
1352,930.5681762695312,393.8977661132813,941.4478149414062,668.7576293945312,909.6033935546876,738.7744140625,938.1995849609376,744.4094848632812,934.7535400390624,753.4271850585938
1353,930.52978515625,393.9151306152344,941.4478149414062,668.7845458984375,909.6539306640624,738.9630737304688,938.30322265625,744.6505737304688,934.8056030273438,753.4390869140625
1354,930.4805297851562,393.9469604492188,941.58837890625,668.8426513671875,909.9241943359376,739.2346801757812,938.4488525390624,744.9009399414062,934.8410034179688,753.4390869140625
1355,930.4805297851562,394.4102478027344,942.0220336914062,669.4019165039062,910.194580078125,739.3550415039062,938.7755126953124,744.9293212890625,934.8410034179688,753.4390869140625
1356,930.3988037109376,394.7792053222656,942.3846435546876,669.8572998046875,910.578125,739.52294921875,938.9365844726562,744.9620971679688,934.9270629882812,753.4005737304688
1357,930.3362426757812,394.84619140625,942.473388671875,669.98779296875,910.6574096679688,739.5692138671875,938.964111328125,744.9620971679688,934.9822387695312,753.2612915039062
1358,930.3222045898438,394.8609008789063,942.6762084960938,670.1220092773438,910.728271484375,739.6090698242188,939.0511474609376,744.9620971679688,934.9921875,753.248779296875
1359,930.267578125,394.99749755859375,942.7970581054688,670.1240234375,911.0569458007812,739.6510009765625,939.5106201171876,744.8948364257812,935.2054443359376,753.248779296875
1360,929.7689208984376,394.99749755859375,943.4300537109376,670.1240234375,911.1060791015624,739.7453002929688,939.7528686523438,744.8948364257812,935.2054443359376,753.248779296875
1361,929.6810913085938,395.1439514160156,943.6267700195312,670.1240234375,911.3251953125,739.8917236328125,939.7769775390624,744.8948364257812,935.2054443359376,753.3568725585938
1362,929.6810913085938,395.1910705566406,943.6267700195312,670.1990966796875,911.3251953125,740.0317993164062,939.8282470703124,745.0884399414062,935.182861328125,753.4102783203125
1363,929.6810913085938,395.5237731933594,943.6267700195312,670.4896850585938,911.3251953125,740.1268920898438,939.8282470703124,745.0902099609375,935.182861328125,753.4102783203125
1364,929.7693481445312,395.7836608886719,943.587646484375,670.537841796875,911.2433471679688,740.1268920898438,939.7528686523438,745.0902099609375,935.182861328125,753.4102783203125
1365,929.7693481445312,396.0716552734375,943.474365234375,670.8850708007812,911.2021484375,740.1268920898438,939.739990234375,745.0902099609375,935.3482055664062,753.3695678710938
1366,929.7693481445312,396.455810546875,943.4559326171876,671.2772827148438,911.0540161132812,739.8763427734375,939.6265869140624,745.0725708007812,935.3482055664062,753.1947631835938
1367,929.4620361328124,396.7417602539063,943.1717529296876,671.5086669921875,911.0540161132812,739.8495483398438,939.603271484375,744.7310791015625,935.3590698242188,753.0989379882812
1368,929.39453125,397.0099182128906,942.994384765625,671.555908203125,911.0505981445312,739.8275756835938,939.5498046875,744.7229614257812,935.3482055664062,753.0753173828125
1369,929.1597290039062,397.2581787109375,942.7256469726562,672.0568237304688,911.0198974609376,739.8275756835938,939.4977416992188,744.72265625,935.3590698242188,753.0753173828125
1370,929.1284790039062,397.2603759765625,942.698974609375,672.45556640625,911.0198974609376,739.8275756835938,939.4977416992188,744.7144165039062,935.3590698242188,753.0753173828125
1371,929.1284790039062,397.2603759765625,942.5656127929688,672.7797241210938,910.975830078125,739.8865356445312,939.4977416992188,744.7144165039062,935.4141845703124,753.3377075195312
1372,929.1284790039062,397.2603759765625,942.49462890625,672.8837890625,910.9591064453124,739.9671020507812,939.5227661132812,744.6961669921875,935.548095703125,753.3517456054688
1373,929.14453125,397.2431945800781,942.4449462890624,672.9453125,910.9591064453124,739.9678344726562,939.5227661132812,744.6961669921875,935.548095703125,753.3618774414062
1374,929.1592407226562,397.2431945800781,942.4087524414062,672.9453125,910.9591064453124,739.990234375,939.5227661132812,744.6177978515625,935.4141845703124,753.3846435546875
1375,929.1592407226562,397.15045166015625,942.1232299804688,672.9453125,910.9271850585938,739.9992065429688,939.5096435546876,744.6177978515625,935.3900756835938,753.3973999023438
1376,929.1592407226562,397.2431945800781,941.927001953125,672.8803100585938,910.8047485351562,740.0027465820312,939.452392578125,744.720458984375,935.3900756835938,753.4083251953125
1377,929.1592407226562,397.25482177734375,941.9242553710938,672.8803100585938,910.7166748046876,740.1949462890625,939.4412231445312,744.7333374023438,935.3670043945312,753.4483032226562
1378,929.1607055664062,397.33349609375,941.7811279296876,672.8046264648438,910.5535278320312,740.2279663085938,939.3323364257812,744.8097534179688,935.3670043945312,753.4483032226562
1379,929.1607055664062,397.25482177734375,941.3784790039062,672.8803100585938,910.4441528320312,740.2343139648438,939.3323364257812,744.8097534179688,935.298828125,753.4483032226562
1380,929.227783203125,397.25482177734375,941.2174072265624,672.9942016601562,910.41748046875,740.3031005859375,939.3323364257812,744.8787231445312,935.298828125,753.4728393554688
1381,929.227783203125,397.22552490234375,941.0684204101562,673.2219848632812,910.3694458007812,740.3837280273438,939.3575439453124,744.8787231445312,935.298828125,753.48876953125
1382,929.1870727539062,397.2132873535156,941.0203247070312,673.2296752929688,910.3616333007812,740.3956298828125,939.369873046875,744.9005737304688,935.3557739257812,753.48876953125
1383,929.1870727539062,397.179931640625,940.9219360351562,673.29150390625,910.347900390625,740.3837280273438,939.369873046875,744.90380859375,935.3557739257812,753.48876953125
1384,929.0370483398438,397.1737365722656,940.9006958007812,673.29150390625,910.3438720703124,740.3837280273438,939.3575439453124,744.90380859375,935.3557739257812,753.48876953125
1385,928.9991455078124,397.1414489746094,940.7596435546876,673.29150390625,910.27001953125,740.3711547851562,939.2191772460938,744.90380859375,935.271728515625,753.4851684570312
